0.000 	 14291 
0.000 	 352 
0.000 	 237 
0.000 	 87 
0.001 	 119 
0.001 	 66 
0.001 	 74 
0.001 	 45 
0.001 	 41 
0.001 	 44 
0.001 	 49 
0.001 	 27 
0.001 	 15 
0.001 	 30 
0.002 	 29 
0.002 	 33 
0.002 	 27 
0.002 	 14 
0.002 	 8 
0.002 	 11 
0.002 	 28 
0.002 	 23 
0.002 	 26 
0.002 	 28 
0.003 	 24 
0.003 	 18 
0.003 	 17 
0.003 	 14 
0.003 	 13 
0.003 	 12 
0.003 	 8 
0.003 	 14 
0.003 	 15 
0.003 	 16 
0.004 	 16 
0.004 	 15 
0.004 	 13 
0.004 	 16 
0.004 	 17 
0.004 	 13 
0.004 	 10 
0.004 	 5 
0.004 	 7 
0.004 	 6 
0.005 	 8 
0.005 	 11 
0.005 	 12 
0.005 	 8 
0.005 	 7 
0.005 	 14 
0.005 	 14 
0.005 	 12 
0.005 	 11 
0.005 	 8 
0.006 	 13 
0.006 	 10 
0.006 	 14 
0.006 	 11 
0.006 	 9 
0.006 	 14 
0.006 	 16 
0.006 	 12 
0.006 	 12 
0.006 	 12 
0.007 	 10 
0.007 	 5 
0.007 	 8 
0.007 	 11 
0.007 	 10 
0.007 	 4 
0.007 	 11 
0.007 	 33 
0.007 	 8 
0.007 	 11 
0.008 	 5 
0.008 	 6 
0.008 	 8 
0.008 	 12 
0.008 	 11 
0.008 	 6 
0.008 	 10 
0.008 	 10 
0.008 	 9 
0.008 	 8 
0.009 	 8 
0.009 	 6 
0.009 	 7 
0.009 	 6 
0.009 	 10 
0.009 	 6 
0.009 	 8 
0.009 	 5 
0.009 	 6 
0.009 	 5 
0.009 	 6 
0.010 	 9 
0.010 	 5 
0.010 	 4 
0.010 	 5 
0.010 	 9 
0.010 	 6 
0.010 	 7 
0.010 	 4 
0.010 	 4 
0.011 	 2 
0.011 	 8 
0.011 	 3 
0.011 	 5 
0.011 	 5 
0.011 	 4 
0.011 	 3 
0.011 	 7 
0.011 	 1 
0.011 	 5 
0.011 	 6 
0.012 	 2 
0.012 	 3 
0.012 	 4 
0.012 	 7 
0.012 	 6 
0.012 	 5 
0.012 	 5 
0.012 	 6 
0.012 	 7 
0.013 	 2 
0.013 	 6 
0.013 	 4 
0.013 	 5 
0.013 	 3 
0.013 	 6 
0.013 	 3 
0.013 	 4 
0.013 	 7 
0.013 	 4 
0.013 	 2 
0.014 	 4 
0.014 	 6 
0.014 	 4 
0.014 	 5 
0.014 	 6 
0.014 	 9 
0.014 	 4 
0.014 	 34 
0.014 	 5 
0.015 	 6 
0.015 	 5 
0.015 	 8 
0.015 	 3 
0.015 	 4 
0.015 	 7 
0.015 	 4 
0.015 	 9 
0.015 	 5 
0.015 	 5 
0.015 	 8 
0.016 	 7 
0.016 	 6 
0.016 	 7 
0.016 	 4 
0.016 	 4 
0.016 	 7 
0.016 	 4 
0.016 	 5 
0.016 	 10 
0.017 	 10 
0.017 	 5 
0.017 	 4 
0.017 	 9 
0.017 	 5 
0.017 	 0 
0.017 	 8 
0.017 	 0 
0.017 	 7 
0.017 	 4 
0.018 	 3 
0.018 	 2 
0.018 	 3 
0.018 	 6 
0.018 	 7 
0.018 	 4 
0.018 	 3 
0.018 	 8 
0.018 	 2 
0.018 	 2 
0.019 	 8 
0.019 	 4 
0.019 	 5 
0.019 	 8 
0.019 	 5 
0.019 	 7 
0.019 	 4 
0.019 	 10 
0.019 	 9 
0.019 	 6 
0.019 	 3 
0.020 	 6 
0.020 	 7 
0.020 	 42 
0.020 	 10 
0.020 	 5 
0.020 	 3 
0.020 	 7 
0.020 	 11 
0.020 	 5 
0.021 	 6 
0.021 	 10 
0.021 	 6 
0.021 	 8 
0.021 	 7 
0.021 	 2 
0.021 	 20 
0.021 	 16 
0.021 	 4 
0.021 	 4 
0.022 	 4 
0.022 	 5 
0.022 	 3 
0.022 	 4 
0.022 	 7 
0.022 	 8 
0.022 	 3 
0.022 	 4 
0.022 	 4 
0.022 	 8 
0.023 	 4 
0.023 	 8 
0.023 	 5 
0.023 	 9 
0.023 	 5 
0.023 	 9 
0.023 	 11 
0.023 	 6 
0.023 	 8 
0.023 	 4 
0.024 	 6 
0.024 	 8 
0.024 	 10 
0.024 	 8 
0.024 	 9 
0.024 	 11 
0.024 	 6 
0.024 	 12 
0.024 	 7 
0.024 	 5 
0.025 	 9 
0.025 	 5 
0.025 	 11 
0.025 	 8 
0.025 	 9 
0.025 	 6 
0.025 	 12 
0.025 	 9 
0.025 	 10 
0.025 	 7 
0.026 	 8 
0.026 	 8 
0.026 	 6 
0.026 	 10 
0.026 	 12 
0.026 	 6 
0.026 	 8 
0.026 	 7 
0.026 	 7 
0.026 	 9 
0.027 	 9 
0.027 	 16 
0.027 	 5 
0.027 	 10 
0.027 	 12 
0.027 	 12 
0.027 	 11 
0.027 	 4 
0.027 	 11 
0.027 	 8 
0.028 	 12 
0.028 	 8 
0.028 	 26 
0.028 	 16 
0.028 	 12 
0.028 	 9 
0.028 	 9 
0.028 	 12 
0.028 	 13 
0.028 	 7 
0.029 	 11 
0.029 	 14 
0.029 	 11 
0.029 	 21 
0.029 	 9 
0.029 	 11 
0.029 	 10 
0.029 	 6 
0.029 	 11 
0.029 	 12 
0.030 	 9 
0.030 	 11 
0.030 	 9 
0.030 	 12 
0.030 	 10 
0.030 	 11 
0.030 	 13 
0.030 	 7 
0.030 	 14 
0.030 	 8 
0.031 	 15 
0.031 	 8 
0.031 	 9 
0.031 	 12 
0.031 	 5 
0.031 	 14 
0.031 	 11 
0.031 	 8 
0.031 	 11 
0.031 	 10 
0.032 	 10 
0.032 	 11 
0.032 	 8 
0.032 	 9 
0.032 	 10 
0.032 	 12 
0.032 	 15 
0.032 	 9 
0.032 	 9 
0.032 	 7 
0.033 	 14 
0.033 	 14 
0.033 	 13 
0.033 	 11 
0.033 	 12 
0.033 	 16 
0.033 	 8 
0.033 	 16 
0.033 	 15 
0.033 	 8 
0.034 	 13 
0.034 	 10 
0.034 	 8 
0.034 	 11 
0.034 	 13 
0.034 	 29 
0.034 	 18 
0.034 	 13 
0.034 	 14 
0.034 	 7 
0.035 	 12 
0.035 	 13 
0.035 	 10 
0.035 	 7 
0.035 	 12 
0.035 	 15 
0.035 	 13 
0.035 	 12 
0.035 	 10 
0.035 	 10 
0.036 	 15 
0.036 	 11 
0.036 	 18 
0.036 	 9 
0.036 	 9 
0.036 	 13 
0.036 	 9 
0.036 	 11 
0.036 	 5 
0.036 	 30 
0.037 	 17 
0.037 	 11 
0.037 	 23 
0.037 	 13 
0.037 	 13 
0.037 	 21 
0.037 	 13 
0.037 	 28 
0.037 	 12 
0.037 	 18 
0.037 	 27 
0.038 	 20 
0.038 	 15 
0.038 	 24 
0.038 	 21 
0.038 	 12 
0.038 	 20 
0.038 	 34 
0.038 	 25 
0.038 	 19 
0.038 	 28 
0.039 	 14 
0.039 	 21 
0.039 	 28 
0.039 	 23 
0.039 	 21 
0.039 	 24 
0.039 	 40 
0.039 	 37 
0.039 	 21 
0.040 	 25 
0.040 	 12 
0.040 	 23 
0.040 	 32 
0.040 	 32 
0.040 	 25 
0.040 	 23 
0.040 	 24 
0.040 	 22 
0.040 	 19 
0.041 	 32 
0.041 	 24 
0.041 	 20 
0.041 	 22 
0.041 	 35 
0.041 	 27 
0.041 	 21 
0.041 	 36 
0.041 	 25 
0.041 	 22 
0.042 	 22 
0.042 	 34 
0.042 	 21 
0.042 	 20 
0.042 	 25 
0.042 	 30 
0.042 	 18 
0.042 	 24 
0.042 	 26 
0.042 	 32 
0.043 	 20 
0.043 	 27 
0.043 	 23 
0.043 	 34 
0.043 	 20 
0.043 	 25 
0.043 	 29 
0.043 	 32 
0.043 	 23 
0.043 	 16 
0.044 	 36 
0.044 	 36 
0.044 	 19 
0.044 	 23 
0.044 	 39 
0.044 	 42 
0.044 	 17 
0.044 	 24 
0.044 	 28 
0.044 	 28 
0.045 	 21 
0.045 	 19 
0.045 	 31 
0.045 	 30 
0.045 	 37 
0.045 	 20 
0.045 	 30 
0.045 	 36 
0.045 	 52 
0.045 	 31 
0.045 	 22 
0.046 	 24 
0.046 	 46 
0.046 	 29 
0.046 	 24 
0.046 	 32 
0.046 	 39 
0.046 	 51 
0.046 	 20 
0.046 	 32 
0.046 	 25 
0.047 	 38 
0.047 	 34 
0.047 	 28 
0.047 	 26 
0.047 	 32 
0.047 	 43 
0.047 	 25 
0.047 	 27 
0.047 	 28 
0.048 	 29 
0.048 	 34 
0.048 	 19 
0.048 	 24 
0.048 	 39 
0.048 	 33 
0.048 	 54 
0.048 	 15 
0.048 	 28 
0.048 	 49 
0.049 	 34 
0.049 	 40 
0.049 	 25 
0.049 	 27 
0.049 	 40 
0.049 	 31 
0.049 	 39 
0.049 	 18 
0.049 	 24 
0.049 	 40 
0.050 	 38 
0.050 	 36 
0.050 	 24 
0.050 	 20 
0.050 	 29 
0.050 	 38 
0.050 	 40 
0.050 	 22 
0.050 	 40 
0.050 	 29 
0.051 	 40 
0.051 	 42 
0.051 	 32 
0.051 	 31 
0.051 	 22 
0.051 	 39 
0.051 	 28 
0.051 	 31 
0.051 	 27 
0.051 	 21 
0.052 	 37 
0.052 	 37 
0.052 	 36 
0.052 	 29 
0.052 	 26 
0.052 	 29 
0.052 	 31 
0.052 	 37 
0.052 	 30 
0.052 	 31 
0.053 	 29 
0.053 	 31 
0.053 	 32 
0.053 	 34 
0.053 	 33 
0.053 	 31 
0.053 	 26 
0.053 	 39 
0.053 	 30 
0.053 	 37 
0.054 	 32 
0.054 	 18 
0.054 	 26 
0.054 	 33 
0.054 	 35 
0.054 	 35 
0.054 	 36 
0.054 	 27 
0.054 	 30 
0.054 	 43 
0.054 	 21 
0.055 	 29 
0.055 	 36 
0.055 	 33 
0.055 	 37 
0.055 	 38 
0.055 	 32 
0.055 	 45 
0.055 	 28 
0.055 	 30 
0.056 	 20 
0.056 	 34 
0.056 	 28 
0.056 	 37 
0.056 	 44 
0.056 	 25 
0.056 	 35 
0.056 	 33 
0.056 	 36 
0.056 	 37 
0.057 	 27 
0.057 	 50 
0.057 	 24 
0.057 	 30 
0.057 	 36 
0.057 	 27 
0.057 	 33 
0.057 	 31 
0.057 	 35 
0.057 	 26 
0.058 	 37 
0.058 	 44 
0.058 	 26 
0.058 	 37 
0.058 	 34 
0.058 	 29 
0.058 	 38 
0.058 	 36 
0.058 	 46 
0.058 	 27 
0.059 	 43 
0.059 	 31 
0.059 	 17 
0.059 	 45 
0.059 	 37 
0.059 	 35 
0.059 	 25 
0.059 	 44 
0.059 	 44 
0.059 	 32 
0.060 	 35 
0.060 	 25 
0.060 	 31 
0.060 	 35 
0.060 	 31 
0.060 	 40 
0.060 	 24 
0.060 	 33 
0.060 	 34 
0.060 	 30 
0.061 	 40 
0.061 	 33 
0.061 	 31 
0.061 	 25 
0.061 	 40 
0.061 	 31 
0.061 	 34 
0.061 	 35 
0.061 	 34 
0.061 	 29 
0.062 	 42 
0.062 	 25 
0.062 	 37 
0.062 	 36 
0.062 	 49 
0.062 	 32 
0.062 	 35 
0.062 	 43 
0.062 	 29 
0.062 	 46 
0.062 	 26 
0.063 	 26 
0.063 	 35 
0.063 	 39 
0.063 	 35 
0.063 	 39 
0.063 	 38 
0.063 	 37 
0.063 	 38 
0.063 	 35 
0.064 	 29 
0.064 	 35 
0.064 	 34 
0.064 	 32 
0.064 	 39 
0.064 	 26 
0.064 	 43 
0.064 	 43 
0.064 	 41 
0.064 	 28 
0.065 	 35 
0.065 	 39 
0.065 	 46 
0.065 	 35 
0.065 	 32 
0.065 	 42 
0.065 	 32 
0.065 	 39 
0.065 	 35 
0.065 	 53 
0.066 	 37 
0.066 	 46 
0.066 	 40 
0.066 	 38 
0.066 	 34 
0.066 	 39 
0.066 	 40 
0.066 	 49 
0.066 	 35 
0.066 	 35 
0.067 	 26 
0.067 	 56 
0.067 	 43 
0.067 	 33 
0.067 	 37 
0.067 	 31 
0.067 	 39 
0.067 	 43 
0.067 	 26 
0.067 	 35 
0.068 	 30 
0.068 	 33 
0.068 	 38 
0.068 	 35 
0.068 	 24 
0.068 	 41 
0.068 	 35 
0.068 	 33 
0.068 	 46 
0.068 	 45 
0.069 	 37 
0.069 	 39 
0.069 	 29 
0.069 	 41 
0.069 	 35 
0.069 	 33 
0.069 	 37 
0.069 	 24 
0.069 	 39 
0.069 	 48 
0.070 	 29 
0.070 	 33 
0.070 	 33 
0.070 	 38 
0.070 	 41 
0.070 	 41 
0.070 	 54 
0.070 	 26 
0.070 	 33 
0.070 	 45 
0.071 	 36 
0.071 	 42 
0.071 	 40 
0.071 	 43 
0.071 	 51 
0.071 	 39 
0.071 	 18 
0.071 	 41 
0.071 	 33 
0.071 	 32 
0.072 	 41 
0.072 	 33 
0.072 	 44 
0.072 	 30 
0.072 	 29 
0.072 	 44 
0.072 	 24 
0.072 	 48 
0.072 	 34 
0.072 	 41 
0.073 	 36 
0.073 	 21 
0.073 	 38 
0.073 	 35 
0.073 	 41 
0.073 	 27 
0.073 	 48 
0.073 	 43 
0.073 	 31 
0.073 	 41 
0.074 	 31 
0.074 	 29 
0.074 	 26 
0.074 	 42 
0.074 	 54 
0.074 	 38 
0.074 	 25 
0.074 	 38 
0.074 	 31 
0.074 	 39 
0.074 	 42 
0.075 	 48 
0.075 	 52 
0.075 	 46 
0.075 	 46 
0.075 	 42 
0.075 	 54 
0.075 	 52 
0.075 	 54 
0.075 	 50 
0.075 	 35 
0.076 	 53 
0.076 	 53 
0.076 	 46 
0.076 	 33 
0.076 	 26 
0.076 	 36 
0.076 	 38 
0.076 	 42 
0.076 	 33 
0.076 	 34 
0.077 	 32 
0.077 	 30 
0.077 	 66 
0.077 	 39 
0.077 	 20 
0.077 	 37 
0.077 	 31 
0.077 	 31 
0.077 	 33 
0.077 	 22 
0.078 	 40 
0.078 	 24 
0.078 	 42 
0.078 	 29 
0.078 	 40 
0.078 	 27 
0.078 	 38 
0.078 	 38 
0.078 	 31 
0.079 	 33 
0.079 	 20 
0.079 	 37 
0.079 	 32 
0.079 	 35 
0.079 	 32 
0.079 	 11 
0.079 	 8 
0.079 	 16 
0.079 	 10 
0.080 	 14 
0.080 	 16 
0.080 	 15 
0.080 	 9 
0.080 	 18 
0.080 	 13 
0.080 	 13 
0.080 	 13 
0.080 	 11 
0.080 	 12 
0.081 	 20 
0.081 	 16 
0.081 	 17 
0.081 	 11 
0.081 	 14 
0.081 	 16 
0.081 	 16 
0.081 	 13 
0.081 	 8 
0.081 	 15 
0.082 	 12 
0.082 	 15 
0.082 	 14 
0.082 	 11 
0.082 	 14 
0.082 	 15 
0.082 	 11 
0.082 	 16 
0.082 	 21 
0.082 	 12 
0.083 	 9 
0.083 	 15 
0.083 	 12 
0.083 	 11 
0.083 	 18 
0.083 	 17 
0.083 	 11 
0.083 	 14 
0.083 	 15 
0.083 	 14 
0.084 	 17 
0.084 	 17 
0.084 	 19 
0.084 	 12 
0.084 	 19 
0.084 	 16 
0.084 	 16 
0.084 	 17 
0.084 	 14 
0.084 	 12 
0.085 	 17 
0.085 	 14 
0.085 	 12 
0.085 	 18 
0.085 	 11 
0.085 	 23 
0.085 	 9 
0.085 	 13 
0.085 	 11 
0.085 	 13 
0.086 	 11 
0.086 	 11 
0.086 	 14 
0.086 	 20 
0.086 	 8 
0.086 	 11 
0.086 	 12 
0.086 	 17 
0.086 	 11 
0.086 	 11 
0.087 	 16 
0.087 	 17 
0.087 	 18 
0.087 	 13 
0.087 	 16 
0.087 	 18 
0.087 	 14 
0.087 	 14 
0.087 	 18 
0.087 	 20 
0.088 	 17 
0.088 	 15 
0.088 	 10 
0.088 	 12 
0.088 	 9 
0.088 	 21 
0.088 	 9 
0.088 	 16 
0.088 	 17 
0.088 	 11 
0.089 	 15 
0.089 	 22 
0.089 	 21 
0.089 	 11 
0.089 	 18 
0.089 	 9 
0.089 	 7 
0.089 	 15 
0.089 	 10 
0.089 	 15 
0.090 	 13 
0.090 	 13 
0.090 	 12 
0.090 	 13 
0.090 	 16 
0.090 	 12 
0.090 	 10 
0.090 	 14 
0.090 	 17 
0.090 	 9 
0.091 	 13 
0.091 	 12 
0.091 	 5 
0.091 	 11 
0.091 	 12 
0.091 	 16 
0.091 	 8 
0.091 	 11 
0.091 	 11 
0.091 	 10 
0.091 	 5 
0.092 	 12 
0.092 	 8 
0.092 	 7 
0.092 	 7 
0.092 	 12 
0.092 	 9 
0.092 	 18 
0.092 	 7 
0.092 	 10 
0.092 	 10 
0.093 	 8 
0.093 	 11 
0.093 	 6 
0.093 	 7 
0.093 	 12 
0.093 	 8 
0.093 	 10 
0.093 	 6 
0.093 	 5 
0.093 	 10 
0.094 	 4 
0.094 	 7 
0.094 	 11 
0.094 	 13 
0.094 	 5 
0.094 	 3 
0.094 	 5 
0.094 	 3 
0.094 	 6 
0.095 	 3 
0.095 	 6 
0.095 	 5 
0.095 	 5 
0.095 	 3 
0.095 	 20 
0.095 	 19 
0.095 	 12 
0.095 	 10 
0.095 	 4 
0.096 	 5 
0.096 	 2 
0.096 	 5 
0.096 	 8 
0.096 	 7 
0.096 	 8 
0.096 	 12 
0.096 	 9 
0.096 	 5 
0.096 	 6 
0.097 	 3 
0.097 	 3 
0.097 	 6 
0.097 	 2 
0.097 	 7 
0.097 	 2 
0.097 	 7 
0.097 	 12 
0.097 	 3 
0.097 	 5 
0.098 	 6 
0.098 	 4 
0.098 	 2 
0.098 	 7 
0.098 	 3 
0.098 	 5 
0.098 	 5 
0.098 	 7 
0.098 	 4 
0.098 	 5 
0.099 	 2 
0.099 	 3 
0.099 	 1 
0.099 	 6 
0.099 	 6 
0.099 	 6 
0.099 	 5 
0.099 	 9 
0.099 	 6 
0.099 	 6 
0.100 	 6 
0.100 	 4 
0.100 	 2 
0.100 	 1 
0.100 	 10 
0.100 	 2 
0.100 	 2 
0.100 	 7 
0.100 	 3 
0.100 	 4 
0.101 	 7 
0.101 	 4 
0.101 	 8 
0.101 	 4 
0.101 	 6 
0.101 	 6 
0.101 	 7 
0.101 	 3 
0.101 	 6 
0.101 	 6 
0.102 	 5 
0.102 	 2 
0.102 	 7 
0.102 	 4 
0.102 	 2 
0.102 	 3 
0.102 	 6 
0.102 	 3 
0.102 	 0 
0.102 	 2 
0.103 	 5 
0.103 	 6 
0.103 	 3 
0.103 	 3 
0.103 	 3 
0.103 	 3 
0.103 	 3 
0.103 	 2 
0.103 	 3 
0.103 	 4 
0.104 	 4 
0.104 	 1 
0.104 	 3 
0.104 	 1 
0.104 	 2 
0.104 	 4 
0.104 	 4 
0.104 	 3 
0.104 	 3 
0.104 	 4 
0.105 	 4 
0.105 	 1 
0.105 	 1 
0.105 	 3 
0.105 	 2 
0.105 	 1 
0.105 	 3 
0.105 	 1 
0.105 	 1 
0.105 	 4 
0.106 	 2 
0.106 	 3 
0.106 	 5 
0.106 	 2 
0.106 	 3 
0.106 	 2 
0.106 	 2 
0.106 	 5 
0.106 	 1 
0.106 	 7 
0.107 	 1 
0.107 	 3 
0.107 	 4 
0.107 	 4 
0.107 	 3 
0.107 	 6 
0.107 	 1 
0.107 	 2 
0.107 	 5 
0.107 	 3 
0.107 	 1 
0.108 	 3 
0.108 	 2 
0.108 	 2 
0.108 	 1 
0.108 	 2 
0.108 	 2 
0.108 	 2 
0.108 	 5 
0.108 	 1 
0.108 	 5 
0.109 	 1 
0.109 	 6 
0.109 	 2 
0.109 	 0 
0.109 	 3 
0.109 	 0 
0.109 	 1 
0.109 	 3 
0.109 	 2 
0.110 	 2 
0.110 	 3 
0.110 	 2 
0.110 	 1 
0.110 	 3 
0.110 	 1 
0.110 	 4 
0.110 	 4 
0.110 	 3 
0.110 	 2 
0.111 	 2 
0.111 	 1 
0.111 	 5 
0.111 	 2 
0.111 	 1 
0.111 	 2 
0.111 	 0 
0.111 	 3 
0.111 	 2 
0.111 	 2 
0.112 	 5 
0.112 	 5 
0.112 	 1 
0.112 	 0 
0.112 	 1 
0.112 	 0 
0.112 	 4 
0.112 	 5 
0.112 	 4 
0.112 	 3 
0.113 	 0 
0.113 	 3 
0.113 	 6 
0.113 	 21 
0.113 	 12 
0.113 	 3 
0.113 	 3 
0.113 	 2 
0.113 	 4 
0.113 	 3 
0.114 	 2 
0.114 	 0 
0.114 	 1 
0.114 	 5 
0.114 	 2 
0.114 	 0 
0.114 	 1 
0.114 	 2 
0.114 	 5 
0.114 	 1 
0.115 	 4 
0.115 	 0 
0.115 	 5 
0.115 	 3 
0.115 	 2 
0.115 	 1 
0.115 	 8 
0.115 	 4 
0.115 	 2 
0.115 	 2 
0.116 	 4 
0.116 	 1 
0.116 	 1 
0.116 	 2 
0.116 	 1 
0.116 	 6 
0.116 	 1 
0.116 	 2 
0.116 	 0 
0.116 	 1 
0.117 	 3 
0.117 	 5 
0.117 	 2 
0.117 	 1 
0.117 	 2 
0.117 	 7 
0.117 	 1 
0.117 	 5 
0.117 	 0 
0.117 	 1 
0.118 	 0 
0.118 	 3 
0.118 	 2 
0.118 	 1 
0.118 	 4 
0.118 	 2 
0.118 	 2 
0.118 	 3 
0.118 	 2 
0.118 	 2 
0.119 	 2 
0.119 	 4 
0.119 	 0 
0.119 	 1 
0.119 	 4 
0.119 	 0 
0.119 	 0 
0.119 	 3 
0.119 	 3 
0.119 	 1 
0.120 	 7 
0.120 	 2 
0.120 	 2 
0.120 	 1 
0.120 	 0 
0.120 	 2 
0.120 	 1 
0.120 	 0 
0.120 	 3 
0.120 	 4 
0.121 	 1 
0.121 	 2 
0.121 	 3 
0.121 	 3 
0.121 	 5 
0.121 	 1 
0.121 	 4 
0.121 	 5 
0.121 	 1 
0.121 	 1 
0.122 	 2 
0.122 	 0 
0.122 	 2 
0.122 	 3 
0.122 	 3 
0.122 	 3 
0.122 	 6 
0.122 	 1 
0.122 	 2 
0.122 	 1 
0.123 	 3 
0.123 	 0 
0.123 	 3 
0.123 	 2 
0.123 	 3 
0.123 	 1 
0.123 	 2 
0.123 	 4 
0.123 	 2 
0.123 	 0 
0.124 	 1 
0.124 	 4 
0.124 	 1 
0.124 	 3 
0.124 	 2 
0.124 	 1 
0.124 	 1 
0.124 	 2 
0.124 	 0 
0.124 	 0 
0.124 	 3 
0.125 	 4 
0.125 	 1 
0.125 	 1 
0.125 	 0 
0.125 	 2 
0.125 	 3 
0.125 	 4 
0.125 	 2 
0.125 	 0 
0.126 	 3 
0.126 	 2 
0.126 	 2 
0.126 	 3 
0.126 	 0 
0.126 	 4 
0.126 	 0 
0.126 	 2 
0.126 	 3 
0.126 	 1 
0.127 	 0 
0.127 	 1 
0.127 	 2 
0.127 	 1 
0.127 	 2 
0.127 	 3 
0.127 	 4 
0.127 	 1 
0.127 	 2 
0.127 	 0 
0.128 	 1 
0.128 	 1 
0.128 	 0 
0.128 	 0 
0.128 	 0 
0.128 	 0 
0.128 	 2 
0.128 	 8 
0.128 	 1 
0.128 	 2 
0.129 	 1 
0.129 	 2 
0.129 	 0 
0.129 	 2 
0.129 	 2 
0.129 	 1 
0.129 	 2 
0.129 	 0 
0.129 	 0 
0.129 	 2 
0.130 	 0 
0.130 	 1 
0.130 	 3 
0.130 	 0 
0.130 	 2 
0.130 	 3 
0.130 	 3 
0.130 	 11 
0.130 	 17 
0.130 	 2 
0.131 	 2 
0.131 	 4 
0.131 	 0 
0.131 	 1 
0.131 	 2 
0.131 	 3 
0.131 	 1 
0.131 	 2 
0.131 	 1 
0.131 	 2 
0.132 	 1 
0.132 	 3 
0.132 	 2 
0.132 	 3 
0.132 	 3 
0.132 	 3 
0.132 	 1 
0.132 	 0 
0.132 	 0 
0.132 	 1 
0.133 	 3 
0.133 	 0 
0.133 	 0 
0.133 	 5 
0.133 	 1 
0.133 	 4 
0.133 	 1 
0.133 	 0 
0.133 	 3 
0.133 	 1 
0.134 	 4 
0.134 	 1 
0.134 	 2 
0.134 	 1 
0.134 	 0 
0.134 	 3 
0.134 	 0 
0.134 	 1 
0.134 	 3 
0.134 	 4 
0.135 	 1 
0.135 	 2 
0.135 	 1 
0.135 	 0 
0.135 	 1 
0.135 	 2 
0.135 	 2 
0.135 	 1 
0.135 	 0 
0.135 	 1 
0.136 	 1 
0.136 	 1 
0.136 	 1 
0.136 	 4 
0.136 	 3 
0.136 	 1 
0.136 	 2 
0.136 	 0 
0.136 	 3 
0.136 	 2 
0.137 	 3 
0.137 	 0 
0.137 	 1 
0.137 	 1 
0.137 	 1 
0.137 	 1 
0.137 	 1 
0.137 	 1 
0.137 	 3 
0.137 	 3 
0.138 	 1 
0.138 	 0 
0.138 	 2 
0.138 	 0 
0.138 	 0 
0.138 	 2 
0.138 	 1 
0.138 	 3 
0.138 	 2 
0.138 	 2 
0.139 	 0 
0.139 	 0 
0.139 	 2 
0.139 	 0 
0.139 	 2 
0.139 	 1 
0.139 	 1 
0.139 	 1 
0.139 	 3 
0.139 	 1 
0.140 	 0 
0.140 	 0 
0.140 	 0 
0.140 	 1 
0.140 	 1 
0.140 	 0 
0.140 	 1 
0.140 	 2 
0.140 	 2 
0.140 	 2 
0.141 	 2 
0.141 	 1 
0.141 	 1 
0.141 	 2 
0.141 	 0 
0.141 	 0 
0.141 	 3 
0.141 	 1 
0.141 	 0 
0.141 	 1 
0.142 	 0 
0.142 	 2 
0.142 	 4 
0.142 	 1 
0.142 	 2 
0.142 	 0 
0.142 	 1 
0.142 	 0 
0.142 	 0 
0.142 	 3 
0.143 	 1 
0.143 	 4 
0.143 	 2 
0.143 	 1 
0.143 	 1 
0.143 	 2 
0.143 	 1 
0.143 	 1 
0.143 	 3 
0.143 	 0 
0.144 	 1 
0.144 	 1 
0.144 	 1 
0.144 	 0 
0.144 	 1 
0.144 	 2 
0.144 	 2 
0.144 	 1 
0.144 	 2 
0.144 	 3 
0.145 	 4 
0.145 	 1 
0.145 	 2 
0.145 	 5 
0.145 	 0 
0.145 	 0 
0.145 	 1 
0.145 	 0 
0.145 	 3 
0.145 	 0 
0.146 	 1 
0.146 	 1 
0.146 	 1 
0.146 	 1 
0.146 	 1 
0.146 	 1 
0.146 	 0 
0.146 	 1 
0.146 	 1 
0.146 	 3 
0.147 	 2 
0.147 	 3 
0.147 	 0 
0.147 	 1 
0.147 	 1 
0.147 	 3 
0.147 	 2 
0.147 	 12 
0.147 	 19 
0.147 	 1 
0.148 	 2 
0.148 	 1 
0.148 	 1 
0.148 	 3 
0.148 	 1 
0.148 	 1 
0.148 	 1 
0.148 	 0 
0.148 	 1 
0.148 	 1 
0.149 	 4 
0.149 	 1 
0.149 	 2 
0.149 	 1 
0.149 	 3 
0.149 	 3 
0.149 	 1 
0.149 	 2 
0.149 	 0 
0.149 	 0 
0.149 	 3 
0.150 	 1 
0.150 	 0 
0.150 	 1 
0.150 	 1 
0.150 	 2 
0.150 	 4 
0.150 	 2 
0.150 	 0 
0.150 	 2 
0.150 	 1 
0.151 	 0 
0.151 	 3 
0.151 	 2 
0.151 	 1 
0.151 	 1 
0.151 	 2 
0.151 	 2 
0.151 	 3 
0.151 	 1 
0.151 	 2 
0.152 	 2 
0.152 	 4 
0.152 	 1 
0.152 	 1 
0.152 	 3 
0.152 	 0 
0.152 	 0 
0.152 	 1 
0.152 	 2 
0.152 	 3 
0.153 	 0 
0.153 	 6 
0.153 	 1 
0.153 	 1 
0.153 	 0 
0.153 	 2 
0.153 	 0 
0.153 	 3 
0.153 	 1 
0.153 	 2 
0.154 	 2 
0.154 	 0 
0.154 	 1 
0.154 	 0 
0.154 	 1 
0.154 	 0 
0.154 	 1 
0.154 	 3 
0.154 	 0 
0.154 	 2 
0.155 	 1 
0.155 	 1 
0.155 	 0 
0.155 	 0 
0.155 	 2 
0.155 	 1 
0.155 	 2 
0.155 	 1 
0.155 	 2 
0.155 	 1 
0.156 	 2 
0.156 	 0 
0.156 	 2 
0.156 	 2 
0.156 	 1 
0.156 	 0 
0.156 	 1 
0.156 	 2 
0.156 	 0 
0.157 	 1 
0.157 	 1 
0.157 	 1 
0.157 	 1 
0.157 	 1 
0.157 	 1 
0.157 	 3 
0.157 	 1 
0.157 	 3 
0.157 	 1 
0.158 	 3 
0.158 	 1 
0.158 	 0 
0.158 	 2 
0.158 	 1 
0.158 	 0 
0.158 	 0 
0.158 	 1 
0.158 	 0 
0.158 	 0 
0.159 	 1 
0.159 	 0 
0.159 	 0 
0.159 	 1 
0.159 	 4 
0.159 	 1 
0.159 	 1 
0.159 	 2 
0.159 	 0 
0.159 	 1 
0.160 	 2 
0.160 	 2 
0.160 	 1 
0.160 	 1 
0.160 	 3 
0.160 	 3 
0.160 	 0 
0.160 	 2 
0.160 	 1 
0.160 	 1 
0.161 	 0 
0.161 	 4 
0.161 	 0 
0.161 	 0 
0.161 	 2 
0.161 	 0 
0.161 	 0 
0.161 	 0 
0.161 	 1 
0.161 	 0 
0.162 	 0 
0.162 	 1 
0.162 	 1 
0.162 	 1 
0.162 	 2 
0.162 	 3 
0.162 	 1 
0.162 	 1 
0.162 	 1 
0.162 	 1 
0.163 	 1 
0.163 	 1 
0.163 	 1 
0.163 	 1 
0.163 	 2 
0.163 	 1 
0.163 	 2 
0.163 	 0 
0.163 	 2 
0.163 	 3 
0.164 	 0 
0.164 	 3 
0.164 	 2 
0.164 	 11 
0.164 	 18 
0.164 	 1 
0.164 	 1 
0.164 	 0 
0.164 	 2 
0.164 	 1 
0.165 	 1 
0.165 	 1 
0.165 	 1 
0.165 	 3 
0.165 	 2 
0.165 	 0 
0.165 	 0 
0.165 	 4 
0.165 	 2 
0.165 	 0 
0.166 	 0 
0.166 	 2 
0.166 	 2 
0.166 	 2 
0.166 	 0 
0.166 	 0 
0.166 	 1 
0.166 	 1 
0.166 	 1 
0.166 	 3 
0.167 	 2 
0.167 	 2 
0.167 	 2 
0.167 	 0 
0.167 	 0 
0.167 	 1 
0.167 	 2 
0.167 	 0 
0.167 	 1 
0.167 	 3 
0.168 	 0 
0.168 	 1 
0.168 	 0 
0.168 	 2 
0.168 	 0 
0.168 	 2 
0.168 	 1 
0.168 	 3 
0.168 	 1 
0.168 	 1 
0.169 	 1 
0.169 	 0 
0.169 	 1 
0.169 	 2 
0.169 	 1 
0.169 	 0 
0.169 	 2 
0.169 	 1 
0.169 	 1 
0.169 	 0 
0.170 	 5 
0.170 	 1 
0.170 	 1 
0.170 	 2 
0.170 	 2 
0.170 	 2 
0.170 	 0 
0.170 	 0 
0.170 	 1 
0.170 	 0 
0.171 	 1 
0.171 	 0 
0.171 	 0 
0.171 	 2 
0.171 	 3 
0.171 	 2 
0.171 	 2 
0.171 	 3 
0.171 	 1 
0.171 	 0 
0.172 	 1 
0.172 	 2 
0.172 	 2 
0.172 	 2 
0.172 	 2 
0.172 	 0 
0.172 	 1 
0.172 	 0 
0.172 	 2 
0.172 	 5 
0.173 	 1 
0.173 	 1 
0.173 	 3 
0.173 	 1 
0.173 	 1 
0.173 	 2 
0.173 	 0 
0.173 	 3 
0.173 	 3 
0.173 	 1 
0.174 	 1 
0.174 	 1 
0.174 	 2 
0.174 	 3 
0.174 	 1 
0.174 	 2 
0.174 	 1 
0.174 	 1 
0.174 	 1 
0.174 	 1 
0.175 	 0 
0.175 	 1 
0.175 	 0 
0.175 	 3 
0.175 	 3 
0.175 	 4 
0.175 	 3 
0.175 	 6 
0.175 	 0 
0.175 	 2 
0.176 	 2 
0.176 	 1 
0.176 	 0 
0.176 	 2 
0.176 	 1 
0.176 	 0 
0.176 	 1 
0.176 	 2 
0.176 	 0 
0.176 	 2 
0.177 	 0 
0.177 	 1 
0.177 	 0 
0.177 	 0 
0.177 	 4 
0.177 	 2 
0.177 	 0 
0.177 	 0 
0.177 	 1 
0.177 	 1 
0.178 	 0 
0.178 	 1 
0.178 	 0 
0.178 	 0 
0.178 	 0 
0.178 	 3 
0.178 	 1 
0.178 	 1 
0.178 	 1 
0.178 	 1 
0.179 	 3 
0.179 	 0 
0.179 	 2 
0.179 	 1 
0.179 	 0 
0.179 	 0 
0.179 	 3 
0.179 	 1 
0.179 	 1 
0.179 	 3 
0.180 	 1 
0.180 	 0 
0.180 	 1 
0.180 	 1 
0.180 	 1 
0.180 	 21 
0.180 	 11 
0.180 	 4 
0.180 	 2 
0.180 	 0 
0.181 	 2 
0.181 	 2 
0.181 	 1 
0.181 	 2 
0.181 	 1 
0.181 	 3 
0.181 	 2 
0.181 	 2 
0.181 	 0 
0.181 	 1 
0.182 	 0 
0.182 	 1 
0.182 	 2 
0.182 	 3 
0.182 	 3 
0.182 	 0 
0.182 	 0 
0.182 	 0 
0.182 	 0 
0.182 	 2 
0.182 	 0 
0.183 	 3 
0.183 	 2 
0.183 	 2 
0.183 	 1 
0.183 	 3 
0.183 	 0 
0.183 	 1 
0.183 	 1 
0.183 	 1 
0.183 	 0 
0.184 	 1 
0.184 	 2 
0.184 	 6 
0.184 	 0 
0.184 	 2 
0.184 	 4 
0.184 	 2 
0.184 	 1 
0.184 	 1 
0.184 	 0 
0.185 	 1 
0.185 	 2 
0.185 	 1 
0.185 	 0 
0.185 	 0 
0.185 	 1 
0.185 	 0 
0.185 	 3 
0.185 	 3 
0.185 	 1 
0.186 	 0 
0.186 	 0 
0.186 	 1 
0.186 	 0 
0.186 	 0 
0.186 	 0 
0.186 	 0 
0.186 	 0 
0.186 	 2 
0.186 	 2 
0.187 	 1 
0.187 	 3 
0.187 	 4 
0.187 	 0 
0.187 	 2 
0.187 	 0 
0.187 	 1 
0.187 	 0 
0.187 	 0 
0.188 	 0 
0.188 	 2 
0.188 	 1 
0.188 	 2 
0.188 	 0 
0.188 	 3 
0.188 	 0 
0.188 	 2 
0.188 	 1 
0.188 	 2 
0.189 	 1 
0.189 	 3 
0.189 	 0 
0.189 	 1 
0.189 	 0 
0.189 	 0 
0.189 	 1 
0.189 	 2 
0.189 	 1 
0.189 	 2 
0.190 	 3 
0.190 	 2 
0.190 	 0 
0.190 	 1 
0.190 	 1 
0.190 	 0 
0.190 	 1 
0.190 	 1 
0.190 	 1 
0.190 	 2 
0.191 	 2 
0.191 	 1 
0.191 	 2 
0.191 	 0 
0.191 	 1 
0.191 	 2 
0.191 	 2 
0.191 	 0 
0.191 	 1 
0.191 	 2 
0.192 	 1 
0.192 	 1 
0.192 	 1 
0.192 	 2 
0.192 	 2 
0.192 	 0 
0.192 	 0 
0.192 	 3 
0.192 	 0 
0.192 	 2 
0.193 	 1 
0.193 	 0 
0.193 	 4 
0.193 	 1 
0.193 	 3 
0.193 	 1 
0.193 	 1 
0.193 	 0 
0.193 	 1 
0.193 	 4 
0.194 	 1 
0.194 	 2 
0.194 	 3 
0.194 	 4 
0.194 	 3 
0.194 	 0 
0.194 	 1 
0.194 	 1 
0.194 	 1 
0.194 	 1 
0.195 	 1 
0.195 	 1 
0.195 	 2 
0.195 	 1 
0.195 	 2 
0.195 	 0 
0.195 	 4 
0.195 	 0 
0.195 	 2 
0.195 	 3 
0.196 	 0 
0.196 	 0 
0.196 	 1 
0.196 	 13 
0.196 	 13 
0.196 	 3 
0.196 	 1 
0.196 	 2 
0.196 	 1 
0.196 	 0 
0.197 	 0 
0.197 	 1 
0.197 	 0 
0.197 	 2 
0.197 	 1 
0.197 	 0 
0.197 	 2 
0.197 	 1 
0.197 	 0 
0.197 	 1 
0.198 	 2 
0.198 	 3 
0.198 	 2 
0.198 	 3 
0.198 	 2 
0.198 	 2 
0.198 	 1 
0.198 	 1 
0.198 	 1 
0.198 	 1 
0.199 	 2 
0.199 	 3 
0.199 	 2 
0.199 	 2 
0.199 	 0 
0.199 	 0 
0.199 	 1 
0.199 	 1 
0.199 	 0 
0.199 	 1 
0.200 	 0 
0.200 	 0 
0.200 	 2 
0.200 	 0 
0.200 	 4 
0.200 	 0 
0.200 	 2 
0.200 	 1 
0.200 	 0 
0.200 	 1 
0.201 	 1 
0.201 	 3 
0.201 	 1 
0.201 	 1 
0.201 	 1 
0.201 	 1 
0.201 	 1 
0.201 	 3 
0.201 	 0 
0.201 	 1 
0.202 	 1 
0.202 	 2 
0.202 	 1 
0.202 	 0 
0.202 	 1 
0.202 	 2 
0.202 	 2 
0.202 	 3 
0.202 	 1 
0.202 	 1 
0.203 	 1 
0.203 	 1 
0.203 	 4 
0.203 	 1 
0.203 	 1 
0.203 	 0 
0.203 	 0 
0.203 	 0 
0.203 	 2 
0.203 	 0 
0.204 	 2 
0.204 	 0 
0.204 	 5 
0.204 	 1 
0.204 	 1 
0.204 	 2 
0.204 	 0 
0.204 	 2 
0.204 	 0 
0.204 	 2 
0.205 	 1 
0.205 	 1 
0.205 	 2 
0.205 	 1 
0.205 	 3 
0.205 	 3 
0.205 	 1 
0.205 	 2 
0.205 	 1 
0.205 	 1 
0.206 	 3 
0.206 	 0 
0.206 	 1 
0.206 	 2 
0.206 	 0 
0.206 	 2 
0.206 	 3 
0.206 	 0 
0.206 	 3 
0.206 	 2 
0.207 	 0 
0.207 	 1 
0.207 	 3 
0.207 	 0 
0.207 	 1 
0.207 	 1 
0.207 	 0 
0.207 	 2 
0.207 	 1 
0.207 	 2 
0.208 	 0 
0.208 	 2 
0.208 	 2 
0.208 	 1 
0.208 	 0 
0.208 	 2 
0.208 	 1 
0.208 	 2 
0.208 	 3 
0.208 	 2 
0.209 	 2 
0.209 	 1 
0.209 	 3 
0.209 	 0 
0.209 	 1 
0.209 	 3 
0.209 	 0 
0.209 	 1 
0.209 	 2 
0.209 	 2 
0.210 	 2 
0.210 	 3 
0.210 	 3 
0.210 	 1 
0.210 	 0 
0.210 	 0 
0.210 	 1 
0.210 	 2 
0.210 	 1 
0.210 	 4 
0.211 	 4 
0.211 	 0 
0.211 	 0 
0.211 	 2 
0.211 	 0 
0.211 	 0 
0.211 	 7 
0.211 	 11 
0.211 	 15 
0.211 	 1 
0.212 	 2 
0.212 	 0 
0.212 	 3 
0.212 	 1 
0.212 	 0 
0.212 	 1 
0.212 	 1 
0.212 	 0 
0.212 	 3 
0.212 	 1 
0.213 	 1 
0.213 	 2 
0.213 	 2 
0.213 	 1 
0.213 	 1 
0.213 	 1 
0.213 	 2 
0.213 	 0 
0.213 	 2 
0.213 	 2 
0.214 	 0 
0.214 	 0 
0.214 	 1 
0.214 	 3 
0.214 	 0 
0.214 	 1 
0.214 	 0 
0.214 	 0 
0.214 	 0 
0.214 	 2 
0.215 	 0 
0.215 	 2 
0.215 	 1 
0.215 	 0 
0.215 	 0 
0.215 	 5 
0.215 	 1 
0.215 	 2 
0.215 	 0 
0.215 	 0 
0.215 	 2 
0.216 	 1 
0.216 	 0 
0.216 	 3 
0.216 	 2 
0.216 	 2 
0.216 	 1 
0.216 	 3 
0.216 	 0 
0.216 	 0 
0.216 	 3 
0.217 	 0 
0.217 	 1 
0.217 	 4 
0.217 	 1 
0.217 	 1 
0.217 	 3 
0.217 	 3 
0.217 	 2 
0.217 	 2 
0.217 	 1 
0.218 	 0 
0.218 	 0 
0.218 	 1 
0.218 	 1 
0.218 	 0 
0.218 	 1 
0.218 	 1 
0.218 	 1 
0.218 	 2 
0.218 	 2 
0.219 	 1 
0.219 	 1 
0.219 	 0 
0.219 	 1 
0.219 	 1 
0.219 	 3 
0.219 	 1 
0.219 	 0 
0.219 	 1 
0.220 	 2 
0.220 	 0 
0.220 	 2 
0.220 	 5 
0.220 	 2 
0.220 	 0 
0.220 	 1 
0.220 	 2 
0.220 	 2 
0.220 	 3 
0.221 	 0 
0.221 	 2 
0.221 	 1 
0.221 	 1 
0.221 	 1 
0.221 	 1 
0.221 	 2 
0.221 	 1 
0.221 	 2 
0.221 	 0 
0.222 	 0 
0.222 	 2 
0.222 	 2 
0.222 	 1 
0.222 	 2 
0.222 	 2 
0.222 	 3 
0.222 	 2 
0.222 	 1 
0.222 	 3 
0.223 	 2 
0.223 	 2 
0.223 	 1 
0.223 	 1 
0.223 	 0 
0.223 	 1 
0.223 	 0 
0.223 	 1 
0.223 	 3 
0.223 	 1 
0.224 	 1 
0.224 	 0 
0.224 	 3 
0.224 	 1 
0.224 	 0 
0.224 	 2 
0.224 	 1 
0.224 	 3 
0.224 	 2 
0.224 	 2 
0.225 	 1 
0.225 	 0 
0.225 	 4 
0.225 	 1 
0.225 	 1 
0.225 	 1 
0.225 	 0 
0.225 	 2 
0.225 	 2 
0.225 	 4 
0.226 	 1 
0.226 	 1 
0.226 	 2 
0.226 	 0 
0.226 	 2 
0.226 	 1 
0.226 	 3 
0.226 	 12 
0.226 	 17 
0.226 	 3 
0.227 	 1 
0.227 	 1 
0.227 	 2 
0.227 	 3 
0.227 	 1 
0.227 	 1 
0.227 	 0 
0.227 	 0 
0.227 	 2 
0.227 	 1 
0.228 	 0 
0.228 	 1 
0.228 	 1 
0.228 	 3 
0.228 	 0 
0.228 	 0 
0.228 	 1 
0.228 	 3 
0.228 	 2 
0.228 	 2 
0.229 	 0 
0.229 	 3 
0.229 	 0 
0.229 	 0 
0.229 	 1 
0.229 	 1 
0.229 	 2 
0.229 	 0 
0.229 	 0 
0.229 	 1 
0.230 	 4 
0.230 	 1 
0.230 	 0 
0.230 	 1 
0.230 	 4 
0.230 	 1 
0.230 	 4 
0.230 	 0 
0.230 	 2 
0.230 	 2 
0.231 	 0 
0.231 	 0 
0.231 	 1 
0.231 	 3 
0.231 	 1 
0.231 	 1 
0.231 	 2 
0.231 	 2 
0.231 	 1 
0.231 	 2 
0.232 	 2 
0.232 	 0 
0.232 	 1 
0.232 	 0 
0.232 	 1 
0.232 	 1 
0.232 	 3 
0.232 	 2 
0.232 	 2 
0.232 	 1 
0.233 	 2 
0.233 	 2 
0.233 	 1 
0.233 	 2 
0.233 	 0 
0.233 	 3 
0.233 	 0 
0.233 	 2 
0.233 	 3 
0.233 	 1 
0.234 	 3 
0.234 	 2 
0.234 	 0 
0.234 	 0 
0.234 	 1 
0.234 	 0 
0.234 	 2 
0.234 	 2 
0.234 	 2 
0.234 	 1 
0.235 	 1 
0.235 	 1 
0.235 	 1 
0.235 	 3 
0.235 	 5 
0.235 	 0 
0.235 	 2 
0.235 	 0 
0.235 	 1 
0.235 	 1 
0.236 	 3 
0.236 	 2 
0.236 	 1 
0.236 	 1 
0.236 	 3 
0.236 	 0 
0.236 	 2 
0.236 	 1 
0.236 	 2 
0.236 	 0 
0.237 	 1 
0.237 	 1 
0.237 	 1 
0.237 	 1 
0.237 	 1 
0.237 	 2 
0.237 	 2 
0.237 	 5 
0.237 	 1 
0.237 	 0 
0.238 	 2 
0.238 	 0 
0.238 	 0 
0.238 	 2 
0.238 	 0 
0.238 	 2 
0.238 	 1 
0.238 	 1 
0.238 	 1 
0.238 	 3 
0.239 	 1 
0.239 	 1 
0.239 	 1 
0.239 	 2 
0.239 	 1 
0.239 	 0 
0.239 	 1 
0.239 	 2 
0.239 	 2 
0.239 	 0 
0.240 	 1 
0.240 	 3 
0.240 	 4 
0.240 	 0 
0.240 	 1 
0.240 	 2 
0.240 	 0 
0.240 	 1 
0.240 	 2 
0.240 	 0 
0.241 	 2 
0.241 	 1 
0.241 	 6 
0.241 	 22 
0.241 	 12 
0.241 	 1 
0.241 	 1 
0.241 	 3 
0.241 	 1 
0.241 	 0 
0.242 	 1 
0.242 	 1 
0.242 	 2 
0.242 	 1 
0.242 	 1 
0.242 	 1 
0.242 	 1 
0.242 	 2 
0.242 	 3 
0.242 	 2 
0.243 	 3 
0.243 	 1 
0.243 	 0 
0.243 	 3 
0.243 	 0 
0.243 	 3 
0.243 	 2 
0.243 	 2 
0.243 	 2 
0.243 	 0 
0.244 	 3 
0.244 	 0 
0.244 	 1 
0.244 	 1 
0.244 	 2 
0.244 	 1 
0.244 	 2 
0.244 	 0 
0.244 	 0 
0.244 	 0 
0.245 	 2 
0.245 	 2 
0.245 	 4 
0.245 	 0 
0.245 	 0 
0.245 	 2 
0.245 	 3 
0.245 	 2 
0.245 	 5 
0.245 	 1 
0.246 	 4 
0.246 	 4 
0.246 	 1 
0.246 	 2 
0.246 	 0 
0.246 	 2 
0.246 	 0 
0.246 	 0 
0.246 	 1 
0.246 	 2 
0.247 	 1 
0.247 	 2 
0.247 	 1 
0.247 	 0 
0.247 	 3 
0.247 	 2 
0.247 	 0 
0.247 	 3 
0.247 	 3 
0.247 	 2 
0.248 	 2 
0.248 	 1 
0.248 	 0 
0.248 	 1 
0.248 	 0 
0.248 	 0 
0.248 	 3 
0.248 	 1 
0.248 	 3 
0.248 	 1 
0.248 	 0 
0.249 	 0 
0.249 	 1 
0.249 	 2 
0.249 	 1 
0.249 	 1 
0.249 	 2 
0.249 	 3 
0.249 	 2 
0.249 	 1 
0.249 	 2 
0.250 	 3 
0.250 	 1 
0.250 	 2 
0.250 	 1 
0.250 	 3 
0.250 	 3 
0.250 	 1 
0.250 	 2 
0.250 	 1 
0.251 	 1 
0.251 	 1 
0.251 	 4 
0.251 	 2 
0.251 	 0 
0.251 	 2 
0.251 	 1 
0.251 	 2 
0.251 	 2 
0.251 	 2 
0.252 	 1 
0.252 	 1 
0.252 	 1 
0.252 	 0 
0.252 	 2 
0.252 	 1 
0.252 	 1 
0.252 	 1 
0.252 	 2 
0.252 	 1 
0.253 	 0 
0.253 	 0 
0.253 	 2 
0.253 	 4 
0.253 	 3 
0.253 	 0 
0.253 	 3 
0.253 	 2 
0.253 	 1 
0.253 	 1 
0.254 	 1 
0.254 	 3 
0.254 	 2 
0.254 	 1 
0.254 	 0 
0.254 	 0 
0.254 	 2 
0.254 	 4 
0.254 	 1 
0.254 	 0 
0.255 	 1 
0.255 	 3 
0.255 	 1 
0.255 	 0 
0.255 	 2 
0.255 	 15 
0.255 	 15 
0.255 	 5 
0.255 	 3 
0.255 	 1 
0.256 	 3 
0.256 	 0 
0.256 	 2 
0.256 	 2 
0.256 	 1 
0.256 	 0 
0.256 	 0 
0.256 	 0 
0.256 	 4 
0.256 	 0 
0.257 	 1 
0.257 	 2 
0.257 	 0 
0.257 	 0 
0.257 	 3 
0.257 	 2 
0.257 	 3 
0.257 	 0 
0.257 	 2 
0.257 	 0 
0.258 	 1 
0.258 	 3 
0.258 	 2 
0.258 	 2 
0.258 	 1 
0.258 	 2 
0.258 	 1 
0.258 	 1 
0.258 	 4 
0.258 	 2 
0.259 	 4 
0.259 	 2 
0.259 	 1 
0.259 	 1 
0.259 	 1 
0.259 	 0 
0.259 	 2 
0.259 	 2 
0.259 	 1 
0.259 	 2 
0.260 	 0 
0.260 	 2 
0.260 	 1 
0.260 	 2 
0.260 	 1 
0.260 	 1 
0.260 	 2 
0.260 	 2 
0.260 	 1 
0.260 	 0 
0.261 	 2 
0.261 	 0 
0.261 	 1 
0.261 	 3 
0.261 	 1 
0.261 	 0 
0.261 	 1 
0.261 	 1 
0.261 	 3 
0.261 	 2 
0.262 	 0 
0.262 	 3 
0.262 	 3 
0.262 	 0 
0.262 	 1 
0.262 	 1 
0.262 	 0 
0.262 	 2 
0.262 	 0 
0.262 	 3 
0.263 	 0 
0.263 	 2 
0.263 	 2 
0.263 	 0 
0.263 	 2 
0.263 	 1 
0.263 	 1 
0.263 	 1 
0.263 	 2 
0.263 	 2 
0.264 	 2 
0.264 	 3 
0.264 	 4 
0.264 	 1 
0.264 	 1 
0.264 	 2 
0.264 	 0 
0.264 	 0 
0.264 	 3 
0.264 	 1 
0.265 	 4 
0.265 	 2 
0.265 	 2 
0.265 	 4 
0.265 	 3 
0.265 	 6 
0.265 	 0 
0.265 	 1 
0.265 	 0 
0.265 	 1 
0.266 	 1 
0.266 	 1 
0.266 	 0 
0.266 	 1 
0.266 	 0 
0.266 	 1 
0.266 	 1 
0.266 	 2 
0.266 	 0 
0.266 	 1 
0.267 	 0 
0.267 	 0 
0.267 	 0 
0.267 	 2 
0.267 	 3 
0.267 	 2 
0.267 	 3 
0.267 	 0 
0.267 	 4 
0.267 	 3 
0.268 	 1 
0.268 	 1 
0.268 	 0 
0.268 	 2 
0.268 	 2 
0.268 	 0 
0.268 	 2 
0.268 	 0 
0.268 	 2 
0.268 	 1 
0.269 	 2 
0.269 	 2 
0.269 	 1 
0.269 	 19 
0.269 	 14 
0.269 	 1 
0.269 	 2 
0.269 	 3 
0.269 	 1 
0.269 	 1 
0.270 	 1 
0.270 	 1 
0.270 	 0 
0.270 	 3 
0.270 	 3 
0.270 	 1 
0.270 	 2 
0.270 	 2 
0.270 	 2 
0.270 	 3 
0.271 	 5 
0.271 	 1 
0.271 	 1 
0.271 	 3 
0.271 	 1 
0.271 	 0 
0.271 	 1 
0.271 	 1 
0.271 	 0 
0.271 	 3 
0.272 	 1 
0.272 	 2 
0.272 	 2 
0.272 	 3 
0.272 	 0 
0.272 	 0 
0.272 	 0 
0.272 	 0 
0.272 	 3 
0.272 	 2 
0.273 	 4 
0.273 	 0 
0.273 	 0 
0.273 	 1 
0.273 	 2 
0.273 	 0 
0.273 	 3 
0.273 	 1 
0.273 	 2 
0.273 	 1 
0.274 	 1 
0.274 	 2 
0.274 	 1 
0.274 	 1 
0.274 	 2 
0.274 	 2 
0.274 	 2 
0.274 	 4 
0.274 	 0 
0.274 	 2 
0.275 	 1 
0.275 	 3 
0.275 	 1 
0.275 	 0 
0.275 	 2 
0.275 	 2 
0.275 	 0 
0.275 	 5 
0.275 	 1 
0.275 	 1 
0.276 	 2 
0.276 	 4 
0.276 	 0 
0.276 	 2 
0.276 	 1 
0.276 	 0 
0.276 	 2 
0.276 	 0 
0.276 	 2 
0.276 	 2 
0.277 	 1 
0.277 	 0 
0.277 	 0 
0.277 	 2 
0.277 	 1 
0.277 	 2 
0.277 	 1 
0.277 	 3 
0.277 	 1 
0.277 	 3 
0.278 	 0 
0.278 	 2 
0.278 	 3 
0.278 	 1 
0.278 	 1 
0.278 	 2 
0.278 	 2 
0.278 	 0 
0.278 	 3 
0.278 	 2 
0.279 	 2 
0.279 	 0 
0.279 	 1 
0.279 	 3 
0.279 	 1 
0.279 	 0 
0.279 	 2 
0.279 	 6 
0.279 	 0 
0.279 	 1 
0.280 	 3 
0.280 	 2 
0.280 	 1 
0.280 	 1 
0.280 	 4 
0.280 	 1 
0.280 	 4 
0.280 	 5 
0.280 	 3 
0.280 	 1 
0.281 	 2 
0.281 	 1 
0.281 	 2 
0.281 	 3 
0.281 	 2 
0.281 	 4 
0.281 	 2 
0.281 	 2 
0.281 	 3 
0.281 	 2 
0.282 	 5 
0.282 	 1 
0.282 	 0 
0.282 	 5 
0.282 	 1 
0.282 	 1 
0.282 	 2 
0.282 	 13 
0.282 	 16 
0.282 	 1 
0.283 	 1 
0.283 	 2 
0.283 	 3 
0.283 	 2 
0.283 	 1 
0.283 	 1 
0.283 	 2 
0.283 	 1 
0.283 	 1 
0.283 	 3 
0.284 	 0 
0.284 	 1 
0.284 	 1 
0.284 	 1 
0.284 	 4 
0.284 	 2 
0.284 	 3 
0.284 	 3 
0.284 	 1 
0.284 	 2 
0.285 	 1 
0.285 	 1 
0.285 	 0 
0.285 	 2 
0.285 	 0 
0.285 	 2 
0.285 	 0 
0.285 	 1 
0.285 	 0 
0.285 	 4 
0.286 	 1 
0.286 	 0 
0.286 	 3 
0.286 	 0 
0.286 	 1 
0.286 	 0 
0.286 	 2 
0.286 	 3 
0.286 	 1 
0.286 	 2 
0.287 	 2 
0.287 	 1 
0.287 	 2 
0.287 	 2 
0.287 	 3 
0.287 	 3 
0.287 	 0 
0.287 	 0 
0.287 	 1 
0.287 	 1 
0.288 	 0 
0.288 	 1 
0.288 	 1 
0.288 	 2 
0.288 	 1 
0.288 	 3 
0.288 	 1 
0.288 	 3 
0.288 	 1 
0.288 	 1 
0.289 	 2 
0.289 	 1 
0.289 	 0 
0.289 	 2 
0.289 	 5 
0.289 	 1 
0.289 	 0 
0.289 	 0 
0.289 	 0 
0.289 	 2 
0.290 	 0 
0.290 	 4 
0.290 	 1 
0.290 	 0 
0.290 	 0 
0.290 	 1 
0.290 	 0 
0.290 	 1 
0.290 	 0 
0.290 	 1 
0.291 	 0 
0.291 	 0 
0.291 	 3 
0.291 	 1 
0.291 	 0 
0.291 	 1 
0.291 	 1 
0.291 	 0 
0.291 	 0 
0.291 	 1 
0.292 	 0 
0.292 	 0 
0.292 	 0 
0.292 	 0 
0.292 	 0 
0.292 	 1 
0.292 	 0 
0.292 	 0 
0.292 	 0 
0.292 	 0 
0.293 	 1 
0.293 	 0 
0.293 	 1 
0.293 	 1 
0.293 	 0 
0.293 	 0 
0.293 	 0 
0.293 	 0 
0.293 	 1 
0.293 	 0 
0.294 	 0 
0.294 	 0 
0.294 	 0 
0.294 	 0 
0.294 	 1 
0.294 	 0 
0.294 	 1 
0.294 	 0 
0.294 	 1 
0.294 	 2 
0.295 	 0 
0.295 	 0 
0.295 	 0 
0.295 	 0 
0.295 	 0 
0.295 	 2 
0.295 	 2 
0.295 	 12 
0.295 	 12 
0.295 	 0 
0.296 	 0 
0.296 	 1 
0.296 	 0 
0.296 	 0 
0.296 	 1 
0.296 	 0 
0.296 	 0 
0.296 	 1 
0.296 	 0 
0.296 	 1 
0.297 	 0 
0.297 	 2 
0.297 	 1 
0.297 	 2 
0.297 	 1 
0.297 	 1 
0.297 	 0 
0.297 	 0 
0.297 	 0 
0.297 	 1 
0.297 	 0 
0.298 	 1 
0.298 	 0 
0.298 	 0 
0.298 	 0 
0.298 	 0 
0.298 	 2 
0.298 	 0 
0.298 	 0 
0.298 	 1 
0.298 	 0 
0.299 	 1 
0.299 	 0 
0.299 	 0 
0.299 	 0 
0.299 	 0 
0.299 	 0 
0.299 	 0 
0.299 	 0 
0.299 	 0 
0.299 	 0 
0.300 	 0 
0.300 	 0 
0.300 	 2 
0.300 	 1 
0.300 	 0 
0.300 	 0 
0.300 	 0 
0.300 	 0 
0.300 	 0 
0.300 	 0 
0.301 	 0 
0.301 	 0 
0.301 	 0 
0.301 	 4 
0.301 	 0 
0.301 	 0 
0.301 	 1 
0.301 	 1 
0.301 	 0 
0.301 	 1 
0.302 	 0 
0.302 	 0 
0.302 	 1 
0.302 	 0 
0.302 	 0 
0.302 	 0 
0.302 	 0 
0.302 	 0 
0.302 	 0 
0.302 	 2 
0.303 	 0 
0.303 	 0 
0.303 	 1 
0.303 	 0 
0.303 	 0 
0.303 	 0 
0.303 	 0 
0.303 	 1 
0.303 	 0 
0.303 	 0 
0.304 	 0 
0.304 	 0 
0.304 	 0 
0.304 	 0 
0.304 	 0 
0.304 	 1 
0.304 	 0 
0.304 	 1 
0.304 	 1 
0.304 	 0 
0.305 	 0 
0.305 	 0 
0.305 	 0 
0.305 	 0 
0.305 	 1 
0.305 	 2 
0.305 	 0 
0.305 	 0 
0.305 	 0 
0.305 	 0 
0.306 	 1 
0.306 	 1 
0.306 	 0 
0.306 	 1 
0.306 	 0 
0.306 	 0 
0.306 	 0 
0.306 	 0 
0.306 	 0 
0.306 	 0 
0.307 	 0 
0.307 	 0 
0.307 	 0 
0.307 	 1 
0.307 	 0 
0.307 	 0 
0.307 	 0 
0.307 	 0 
0.307 	 1 
0.307 	 1 
0.308 	 0 
0.308 	 1 
0.308 	 14 
0.308 	 15 
0.308 	 1 
0.308 	 0 
0.308 	 0 
0.308 	 0 
0.308 	 0 
0.308 	 0 
0.309 	 0 
0.309 	 0 
0.309 	 0 
0.309 	 0 
0.309 	 0 
0.309 	 1 
0.309 	 0 
0.309 	 2 
0.309 	 0 
0.309 	 0 
0.310 	 1 
0.310 	 1 
0.310 	 0 
0.310 	 0 
0.310 	 2 
0.310 	 1 
0.310 	 1 
0.310 	 0 
0.310 	 0 
0.310 	 0 
0.311 	 0 
0.311 	 0 
0.311 	 0 
0.311 	 0 
0.311 	 0 
0.311 	 0 
0.311 	 0 
0.311 	 0 
0.311 	 1 
0.311 	 0 
0.312 	 0 
0.312 	 0 
0.312 	 0 
0.312 	 0 
0.312 	 0 
0.312 	 0 
0.312 	 0 
0.312 	 1 
0.312 	 0 
0.312 	 0 
0.313 	 1 
0.313 	 2 
0.313 	 0 
0.313 	 0 
0.313 	 0 
0.313 	 0 
0.313 	 0 
0.313 	 0 
0.313 	 0 
0.314 	 2 
0.314 	 0 
0.314 	 1 
0.314 	 0 
0.314 	 0 
0.314 	 0 
0.314 	 0 
0.314 	 0 
0.314 	 0 
0.314 	 1 
0.315 	 0 
0.315 	 0 
0.315 	 0 
0.315 	 0 
0.315 	 0 
0.315 	 1 
0.315 	 1 
0.315 	 0 
0.315 	 1 
0.315 	 0 
0.316 	 1 
0.316 	 2 
0.316 	 0 
0.316 	 0 
0.316 	 0 
0.316 	 0 
0.316 	 0 
0.316 	 0 
0.316 	 0 
0.316 	 0 
0.317 	 0 
0.317 	 0 
0.317 	 0 
0.317 	 0 
0.317 	 0 
0.317 	 0 
0.317 	 0 
0.317 	 0 
0.317 	 0 
0.317 	 0 
0.318 	 1 
0.318 	 1 
0.318 	 1 
0.318 	 1 
0.318 	 0 
0.318 	 1 
0.318 	 0 
0.318 	 1 
0.318 	 0 
0.318 	 0 
0.319 	 0 
0.319 	 1 
0.319 	 0 
0.319 	 1 
0.319 	 1 
0.319 	 0 
0.319 	 0 
0.319 	 1 
0.319 	 0 
0.319 	 0 
0.320 	 1 
0.320 	 0 
0.320 	 0 
0.320 	 1 
0.320 	 3 
0.320 	 14 
0.320 	 13 
0.320 	 1 
0.320 	 1 
0.320 	 0 
0.321 	 0 
0.321 	 0 
0.321 	 0 
0.321 	 0 
0.321 	 1 
0.321 	 0 
0.321 	 0 
0.321 	 0 
0.321 	 0 
0.321 	 0 
0.322 	 0 
0.322 	 1 
0.322 	 2 
0.322 	 1 
0.322 	 0 
0.322 	 0 
0.322 	 0 
0.322 	 0 
0.322 	 1 
0.322 	 0 
0.323 	 1 
0.323 	 2 
0.323 	 0 
0.323 	 0 
0.323 	 0 
0.323 	 1 
0.323 	 0 
0.323 	 0 
0.323 	 0 
0.323 	 0 
0.324 	 0 
0.324 	 0 
0.324 	 1 
0.324 	 0 
0.324 	 0 
0.324 	 0 
0.324 	 1 
0.324 	 0 
0.324 	 0 
0.324 	 0 
0.325 	 0 
0.325 	 1 
0.325 	 0 
0.325 	 1 
0.325 	 0 
0.325 	 0 
0.325 	 0 
0.325 	 0 
0.325 	 0 
0.325 	 1 
0.326 	 0 
0.326 	 0 
0.326 	 0 
0.326 	 2 
0.326 	 1 
0.326 	 0 
0.326 	 0 
0.326 	 0 
0.326 	 1 
0.326 	 0 
0.327 	 1 
0.327 	 0 
0.327 	 1 
0.327 	 1 
0.327 	 1 
0.327 	 1 
0.327 	 0 
0.327 	 1 
0.327 	 0 
0.327 	 0 
0.328 	 0 
0.328 	 0 
0.328 	 0 
0.328 	 0 
0.328 	 0 
0.328 	 1 
0.328 	 0 
0.328 	 1 
0.328 	 0 
0.328 	 0 
0.329 	 0 
0.329 	 0 
0.329 	 0 
0.329 	 0 
0.329 	 0 
0.329 	 0 
0.329 	 0 
0.329 	 0 
0.329 	 1 
0.329 	 0 
0.330 	 1 
0.330 	 2 
0.330 	 0 
0.330 	 0 
0.330 	 0 
0.330 	 0 
0.330 	 0 
0.330 	 1 
0.330 	 0 
0.330 	 0 
0.331 	 1 
0.331 	 0 
0.331 	 1 
0.331 	 2 
0.331 	 0 
0.331 	 0 
0.331 	 1 
0.331 	 1 
0.331 	 0 
0.331 	 0 
0.332 	 2 
0.332 	 1 
0.332 	 1 
0.332 	 19 
0.332 	 9 
0.332 	 0 
0.332 	 0 
0.332 	 1 
0.332 	 0 
0.332 	 0 
0.333 	 1 
0.333 	 0 
0.333 	 1 
0.333 	 0 
0.333 	 1 
0.333 	 0 
0.333 	 0 
0.333 	 1 
0.333 	 1 
0.333 	 0 
0.334 	 0 
0.334 	 0 
0.334 	 0 
0.334 	 0 
0.334 	 1 
0.334 	 0 
0.334 	 0 
0.334 	 1 
0.334 	 0 
0.334 	 0 
0.335 	 2 
0.335 	 1 
0.335 	 1 
0.335 	 0 
0.335 	 0 
0.335 	 0 
0.335 	 0 
0.335 	 0 
0.335 	 0 
0.335 	 0 
0.336 	 1 
0.336 	 0 
0.336 	 0 
0.336 	 0 
0.336 	 0 
0.336 	 0 
0.336 	 1 
0.336 	 1 
0.336 	 0 
0.336 	 0 
0.337 	 1 
0.337 	 2 
0.337 	 0 
0.337 	 1 
0.337 	 0 
0.337 	 1 
0.337 	 0 
0.337 	 1 
0.337 	 0 
0.337 	 0 
0.338 	 0 
0.338 	 0 
0.338 	 0 
0.338 	 0 
0.338 	 1 
0.338 	 0 
0.338 	 0 
0.338 	 0 
0.338 	 0 
0.338 	 0 
0.339 	 0 
0.339 	 0 
0.339 	 1 
0.339 	 1 
0.339 	 0 
0.339 	 1 
0.339 	 0 
0.339 	 0 
0.339 	 1 
0.339 	 0 
0.340 	 0 
0.340 	 1 
0.340 	 1 
0.340 	 0 
0.340 	 0 
0.340 	 0 
0.340 	 0 
0.340 	 2 
0.340 	 1 
0.340 	 0 
0.341 	 0 
0.341 	 0 
0.341 	 1 
0.341 	 1 
0.341 	 0 
0.341 	 0 
0.341 	 0 
0.341 	 0 
0.341 	 1 
0.341 	 0 
0.342 	 0 
0.342 	 0 
0.342 	 1 
0.342 	 0 
0.342 	 0 
0.342 	 1 
0.342 	 1 
0.342 	 0 
0.342 	 2 
0.342 	 0 
0.343 	 1 
0.343 	 0 
0.343 	 0 
0.343 	 0 
0.343 	 2 
0.343 	 0 
0.343 	 1 
0.343 	 13 
0.343 	 12 
0.343 	 2 
0.344 	 1 
0.344 	 0 
0.344 	 1 
0.344 	 0 
0.344 	 0 
0.344 	 0 
0.344 	 0 
0.344 	 2 
0.344 	 1 
0.344 	 1 
0.345 	 0 
0.345 	 0 
0.345 	 2 
0.345 	 2 
0.345 	 0 
0.345 	 0 
0.345 	 0 
0.345 	 0 
0.345 	 0 
0.345 	 1 
0.346 	 0 
0.346 	 1 
0.346 	 1 
0.346 	 0 
0.346 	 0 
0.346 	 0 
0.346 	 0 
0.346 	 1 
0.346 	 0 
0.346 	 0 
0.347 	 0 
0.347 	 0 
0.347 	 1 
0.347 	 0 
0.347 	 0 
0.347 	 0 
0.347 	 0 
0.347 	 1 
0.347 	 2 
0.347 	 0 
0.348 	 0 
0.348 	 0 
0.348 	 0 
0.348 	 1 
0.348 	 0 
0.348 	 1 
0.348 	 2 
0.348 	 0 
0.348 	 1 
0.348 	 0 
0.349 	 0 
0.349 	 0 
0.349 	 1 
0.349 	 0 
0.349 	 0 
0.349 	 0 
0.349 	 0 
0.349 	 0 
0.349 	 0 
0.349 	 0 
0.350 	 0 
0.350 	 0 
0.350 	 0 
0.350 	 0 
0.350 	 0 
0.350 	 2 
0.350 	 0 
0.350 	 0 
0.350 	 0 
0.350 	 0 
0.351 	 1 
0.351 	 0 
0.351 	 0 
0.351 	 0 
0.351 	 0 
0.351 	 1 
0.351 	 0 
0.351 	 0 
0.351 	 0 
0.351 	 2 
0.352 	 0 
0.352 	 0 
0.352 	 0 
0.352 	 1 
0.352 	 0 
0.352 	 1 
0.352 	 0 
0.352 	 1 
0.352 	 0 
0.352 	 0 
0.353 	 0 
0.353 	 1 
0.353 	 1 
0.353 	 0 
0.353 	 0 
0.353 	 0 
0.353 	 1 
0.353 	 0 
0.353 	 0 
0.353 	 0 
0.354 	 1 
0.354 	 1 
0.354 	 0 
0.354 	 1 
0.354 	 1 
0.354 	 0 
0.354 	 2 
0.354 	 13 
0.354 	 11 
0.354 	 2 
0.355 	 1 
0.355 	 4 
0.355 	 0 
0.355 	 0 
0.355 	 0 
0.355 	 0 
0.355 	 0 
0.355 	 0 
0.355 	 0 
0.355 	 0 
0.356 	 2 
0.356 	 1 
0.356 	 0 
0.356 	 1 
0.356 	 0 
0.356 	 1 
0.356 	 0 
0.356 	 0 
0.356 	 0 
0.356 	 0 
0.357 	 0 
0.357 	 0 
0.357 	 0 
0.357 	 1 
0.357 	 0 
0.357 	 1 
0.357 	 0 
0.357 	 0 
0.357 	 1 
0.357 	 1 
0.358 	 0 
0.358 	 0 
0.358 	 0 
0.358 	 0 
0.358 	 0 
0.358 	 1 
0.358 	 0 
0.358 	 0 
0.358 	 0 
0.358 	 0 
0.359 	 0 
0.359 	 1 
0.359 	 1 
0.359 	 0 
0.359 	 0 
0.359 	 0 
0.359 	 1 
0.359 	 2 
0.359 	 0 
0.359 	 0 
0.360 	 0 
0.360 	 0 
0.360 	 0 
0.360 	 0 
0.360 	 1 
0.360 	 0 
0.360 	 0 
0.360 	 3 
0.360 	 0 
0.360 	 0 
0.361 	 1 
0.361 	 0 
0.361 	 0 
0.361 	 0 
0.361 	 0 
0.361 	 0 
0.361 	 0 
0.361 	 0 
0.361 	 0 
0.361 	 0 
0.362 	 1 
0.362 	 0 
0.362 	 0 
0.362 	 0 
0.362 	 1 
0.362 	 0 
0.362 	 1 
0.362 	 1 
0.362 	 1 
0.362 	 0 
0.363 	 0 
0.363 	 0 
0.363 	 0 
0.363 	 0 
0.363 	 0 
0.363 	 1 
0.363 	 0 
0.363 	 1 
0.363 	 1 
0.363 	 0 
0.363 	 0 
0.364 	 1 
0.364 	 0 
0.364 	 0 
0.364 	 0 
0.364 	 0 
0.364 	 1 
0.364 	 0 
0.364 	 1 
0.364 	 2 
0.364 	 2 
0.365 	 1 
0.365 	 3 
0.365 	 13 
0.365 	 19 
0.365 	 0 
0.365 	 0 
0.365 	 0 
0.365 	 1 
0.365 	 0 
0.365 	 0 
0.366 	 0 
0.366 	 0 
0.366 	 1 
0.366 	 1 
0.366 	 0 
0.366 	 0 
0.366 	 1 
0.366 	 1 
0.366 	 0 
0.366 	 0 
0.367 	 0 
0.367 	 0 
0.367 	 1 
0.367 	 1 
0.367 	 0 
0.367 	 0 
0.367 	 0 
0.367 	 1 
0.367 	 0 
0.367 	 0 
0.368 	 0 
0.368 	 0 
0.368 	 0 
0.368 	 1 
0.368 	 0 
0.368 	 2 
0.368 	 0 
0.368 	 0 
0.368 	 0 
0.368 	 1 
0.369 	 1 
0.369 	 0 
0.369 	 1 
0.369 	 0 
0.369 	 0 
0.369 	 0 
0.369 	 1 
0.369 	 0 
0.369 	 0 
0.369 	 0 
0.370 	 0 
0.370 	 2 
0.370 	 0 
0.370 	 0 
0.370 	 0 
0.370 	 0 
0.370 	 0 
0.370 	 0 
0.370 	 0 
0.370 	 0 
0.371 	 0 
0.371 	 1 
0.371 	 1 
0.371 	 1 
0.371 	 0 
0.371 	 0 
0.371 	 0 
0.371 	 0 
0.371 	 0 
0.371 	 0 
0.372 	 0 
0.372 	 2 
0.372 	 0 
0.372 	 0 
0.372 	 1 
0.372 	 1 
0.372 	 0 
0.372 	 0 
0.372 	 0 
0.372 	 0 
0.373 	 1 
0.373 	 0 
0.373 	 0 
0.373 	 0 
0.373 	 1 
0.373 	 1 
0.373 	 1 
0.373 	 1 
0.373 	 0 
0.373 	 0 
0.374 	 0 
0.374 	 1 
0.374 	 1 
0.374 	 0 
0.374 	 0 
0.374 	 0 
0.374 	 1 
0.374 	 0 
0.374 	 0 
0.374 	 1 
0.375 	 1 
0.375 	 0 
0.375 	 1 
0.375 	 0 
0.375 	 1 
0.375 	 32 
0.375 	 1 
0.375 	 2 
0.375 	 0 
0.376 	 0 
0.376 	 1 
0.376 	 0 
0.376 	 0 
0.376 	 1 
0.376 	 0 
0.376 	 0 
0.376 	 1 
0.376 	 1 
0.376 	 1 
0.377 	 3 
0.377 	 0 
0.377 	 0 
0.377 	 0 
0.377 	 0 
0.377 	 0 
0.377 	 1 
0.377 	 0 
0.377 	 1 
0.377 	 1 
0.378 	 0 
0.378 	 1 
0.378 	 0 
0.378 	 0 
0.378 	 0 
0.378 	 0 
0.378 	 0 
0.378 	 0 
0.378 	 0 
0.378 	 0 
0.379 	 1 
0.379 	 1 
0.379 	 1 
0.379 	 0 
0.379 	 0 
0.379 	 0 
0.379 	 0 
0.379 	 1 
0.379 	 0 
0.379 	 2 
0.380 	 0 
0.380 	 0 
0.380 	 0 
0.380 	 1 
0.380 	 0 
0.380 	 2 
0.380 	 2 
0.380 	 0 
0.380 	 0 
0.380 	 0 
0.381 	 0 
0.381 	 0 
0.381 	 0 
0.381 	 0 
0.381 	 0 
0.381 	 0 
0.381 	 0 
0.381 	 1 
0.381 	 0 
0.381 	 0 
0.382 	 0 
0.382 	 0 
0.382 	 0 
0.382 	 1 
0.382 	 1 
0.382 	 0 
0.382 	 0 
0.382 	 0 
0.382 	 0 
0.382 	 1 
0.383 	 1 
0.383 	 0 
0.383 	 0 
0.383 	 1 
0.383 	 0 
0.383 	 0 
0.383 	 2 
0.383 	 4 
0.383 	 1 
0.383 	 0 
0.384 	 1 
0.384 	 0 
0.384 	 1 
0.384 	 0 
0.384 	 0 
0.384 	 0 
0.384 	 0 
0.384 	 0 
0.384 	 0 
0.384 	 0 
0.385 	 0 
0.385 	 0 
0.385 	 1 
0.385 	 11 
0.385 	 10 
0.385 	 0 
0.385 	 2 
0.385 	 0 
0.385 	 0 
0.385 	 1 
0.386 	 1 
0.386 	 0 
0.386 	 0 
0.386 	 1 
0.386 	 0 
0.386 	 2 
0.386 	 0 
0.386 	 0 
0.386 	 1 
0.386 	 0 
0.387 	 1 
0.387 	 1 
0.387 	 1 
0.387 	 0 
0.387 	 2 
0.387 	 1 
0.387 	 1 
0.387 	 0 
0.387 	 0 
0.387 	 0 
0.388 	 0 
0.388 	 0 
0.388 	 1 
0.388 	 1 
0.388 	 1 
0.388 	 0 
0.388 	 2 
0.388 	 1 
0.388 	 0 
0.388 	 0 
0.389 	 0 
0.389 	 0 
0.389 	 0 
0.389 	 1 
0.389 	 0 
0.389 	 0 
0.389 	 0 
0.389 	 0 
0.389 	 0 
0.389 	 0 
0.390 	 0 
0.390 	 0 
0.390 	 1 
0.390 	 0 
0.390 	 0 
0.390 	 0 
0.390 	 0 
0.390 	 1 
0.390 	 1 
0.390 	 0 
0.391 	 0 
0.391 	 1 
0.391 	 0 
0.391 	 2 
0.391 	 0 
0.391 	 0 
0.391 	 1 
0.391 	 0 
0.391 	 1 
0.391 	 0 
0.392 	 0 
0.392 	 0 
0.392 	 0 
0.392 	 1 
0.392 	 0 
0.392 	 0 
0.392 	 0 
0.392 	 0 
0.392 	 2 
0.392 	 0 
0.393 	 0 
0.393 	 1 
0.393 	 0 
0.393 	 1 
0.393 	 1 
0.393 	 0 
0.393 	 0 
0.393 	 1 
0.393 	 0 
0.393 	 0 
0.394 	 1 
0.394 	 0 
0.394 	 1 
0.394 	 0 
0.394 	 1 
0.394 	 3 
0.394 	 8 
0.394 	 9 
0.394 	 10 
0.394 	 1 
0.395 	 0 
0.395 	 1 
0.395 	 1 
0.395 	 0 
0.395 	 1 
0.395 	 1 
0.395 	 0 
0.395 	 2 
0.395 	 1 
0.395 	 1 
0.396 	 0 
0.396 	 0 
0.396 	 0 
0.396 	 0 
0.396 	 2 
0.396 	 0 
0.396 	 0 
0.396 	 1 
0.396 	 0 
0.396 	 0 
0.397 	 0 
0.397 	 0 
0.397 	 0 
0.397 	 0 
0.397 	 0 
0.397 	 0 
0.397 	 0 
0.397 	 0 
0.397 	 1 
0.397 	 1 
0.398 	 0 
0.398 	 0 
0.398 	 1 
0.398 	 0 
0.398 	 0 
0.398 	 0 
0.398 	 0 
0.398 	 1 
0.398 	 0 
0.398 	 0 
0.399 	 1 
0.399 	 1 
0.399 	 2 
0.399 	 0 
0.399 	 1 
0.399 	 0 
0.399 	 0 
0.399 	 0 
0.399 	 0 
0.399 	 0 
0.400 	 0 
0.400 	 1 
0.400 	 0 
0.400 	 3 
0.400 	 0 
0.400 	 0 
0.400 	 0 
0.400 	 0 
0.400 	 0 
0.400 	 0 
0.401 	 1 
0.401 	 0 
0.401 	 1 
0.401 	 0 
0.401 	 0 
0.401 	 0 
0.401 	 1 
0.401 	 0 
0.401 	 1 
0.401 	 0 
0.402 	 0 
0.402 	 0 
0.402 	 1 
0.402 	 0 
0.402 	 0 
0.402 	 2 
0.402 	 0 
0.402 	 0 
0.402 	 0 
0.402 	 1 
0.403 	 0 
0.403 	 1 
0.403 	 0 
0.403 	 2 
0.403 	 1 
0.403 	 0 
0.403 	 0 
0.403 	 17 
0.403 	 13 
0.403 	 1 
0.404 	 1 
0.404 	 1 
0.404 	 0 
0.404 	 1 
0.404 	 0 
0.404 	 1 
0.404 	 2 
0.404 	 0 
0.404 	 2 
0.404 	 0 
0.405 	 0 
0.405 	 0 
0.405 	 1 
0.405 	 0 
0.405 	 1 
0.405 	 0 
0.405 	 0 
0.405 	 1 
0.405 	 0 
0.405 	 0 
0.406 	 0 
0.406 	 0 
0.406 	 0 
0.406 	 0 
0.406 	 0 
0.406 	 0 
0.406 	 0 
0.406 	 0 
0.406 	 0 
0.406 	 2 
0.407 	 0 
0.407 	 0 
0.407 	 3 
0.407 	 0 
0.407 	 1 
0.407 	 0 
0.407 	 1 
0.407 	 0 
0.407 	 0 
0.407 	 0 
0.408 	 1 
0.408 	 0 
0.408 	 0 
0.408 	 1 
0.408 	 0 
0.408 	 1 
0.408 	 0 
0.408 	 0 
0.408 	 0 
0.408 	 0 
0.409 	 0 
0.409 	 2 
0.409 	 1 
0.409 	 0 
0.409 	 1 
0.409 	 0 
0.409 	 0 
0.409 	 0 
0.409 	 0 
0.409 	 0 
0.410 	 1 
0.410 	 0 
0.410 	 0 
0.410 	 0 
0.410 	 0 
0.410 	 0 
0.410 	 1 
0.410 	 0 
0.410 	 0 
0.410 	 1 
0.411 	 1 
0.411 	 0 
0.411 	 1 
0.411 	 0 
0.411 	 1 
0.411 	 2 
0.411 	 1 
0.411 	 0 
0.411 	 3 
0.411 	 2 
0.412 	 1 
0.412 	 0 
0.412 	 3 
0.412 	 11 
0.412 	 13 
0.412 	 2 
0.412 	 1 
0.412 	 1 
0.412 	 1 
0.412 	 2 
0.413 	 0 
0.413 	 1 
0.413 	 0 
0.413 	 0 
0.413 	 0 
0.413 	 0 
0.413 	 1 
0.413 	 1 
0.413 	 0 
0.413 	 1 
0.414 	 0 
0.414 	 0 
0.414 	 1 
0.414 	 0 
0.414 	 1 
0.414 	 0 
0.414 	 0 
0.414 	 0 
0.414 	 0 
0.414 	 0 
0.415 	 0 
0.415 	 2 
0.415 	 0 
0.415 	 0 
0.415 	 1 
0.415 	 0 
0.415 	 0 
0.415 	 1 
0.415 	 0 
0.415 	 0 
0.416 	 0 
0.416 	 0 
0.416 	 0 
0.416 	 0 
0.416 	 2 
0.416 	 0 
0.416 	 0 
0.416 	 1 
0.416 	 1 
0.416 	 0 
0.417 	 0 
0.417 	 0 
0.417 	 0 
0.417 	 0 
0.417 	 1 
0.417 	 0 
0.417 	 0 
0.417 	 2 
0.417 	 0 
0.417 	 0 
0.418 	 0 
0.418 	 1 
0.418 	 1 
0.418 	 0 
0.418 	 0 
0.418 	 2 
0.418 	 0 
0.418 	 0 
0.418 	 0 
0.418 	 0 
0.419 	 1 
0.419 	 0 
0.419 	 1 
0.419 	 0 
0.419 	 1 
0.419 	 2 
0.419 	 1 
0.419 	 0 
0.419 	 1 
0.419 	 1 
0.420 	 1 
0.420 	 0 
0.420 	 1 
0.420 	 2 
0.420 	 2 
0.420 	 17 
0.420 	 8 
0.420 	 2 
0.420 	 2 
0.420 	 4 
0.421 	 1 
0.421 	 3 
0.421 	 0 
0.421 	 0 
0.421 	 0 
0.421 	 0 
0.421 	 0 
0.421 	 0 
0.421 	 0 
0.421 	 0 
0.422 	 1 
0.422 	 0 
0.422 	 0 
0.422 	 0 
0.422 	 0 
0.422 	 0 
0.422 	 0 
0.422 	 1 
0.422 	 0 
0.422 	 1 
0.423 	 0 
0.423 	 0 
0.423 	 0 
0.423 	 0 
0.423 	 0 
0.423 	 1 
0.423 	 0 
0.423 	 0 
0.423 	 1 
0.423 	 0 
0.424 	 1 
0.424 	 0 
0.424 	 0 
0.424 	 0 
0.424 	 1 
0.424 	 1 
0.424 	 0 
0.424 	 0 
0.424 	 0 
0.424 	 3 
0.425 	 1 
0.425 	 1 
0.425 	 1 
0.425 	 1 
0.425 	 1 
0.425 	 2 
0.425 	 1 
0.425 	 0 
0.425 	 0 
0.425 	 0 
0.426 	 0 
0.426 	 0 
0.426 	 0 
0.426 	 1 
0.426 	 0 
0.426 	 0 
0.426 	 0 
0.426 	 0 
0.426 	 0 
0.426 	 0 
0.427 	 0 
0.427 	 0 
0.427 	 1 
0.427 	 1 
0.427 	 1 
0.427 	 1 
0.427 	 0 
0.427 	 0 
0.427 	 2 
0.427 	 5 
0.428 	 2 
0.428 	 1 
0.428 	 3 
0.428 	 12 
0.428 	 13 
0.428 	 2 
0.428 	 1 
0.428 	 0 
0.428 	 1 
0.428 	 0 
0.429 	 1 
0.429 	 1 
0.429 	 1 
0.429 	 0 
0.429 	 0 
0.429 	 0 
0.429 	 0 
0.429 	 0 
0.429 	 1 
0.429 	 0 
0.429 	 0 
0.430 	 0 
0.430 	 0 
0.430 	 0 
0.430 	 0 
0.430 	 0 
0.430 	 1 
0.430 	 0 
0.430 	 1 
0.430 	 0 
0.430 	 0 
0.431 	 0 
0.431 	 0 
0.431 	 0 
0.431 	 0 
0.431 	 0 
0.431 	 1 
0.431 	 1 
0.431 	 0 
0.431 	 1 
0.431 	 0 
0.432 	 1 
0.432 	 0 
0.432 	 2 
0.432 	 1 
0.432 	 0 
0.432 	 0 
0.432 	 1 
0.432 	 1 
0.432 	 0 
0.432 	 1 
0.433 	 0 
0.433 	 0 
0.433 	 0 
0.433 	 0 
0.433 	 0 
0.433 	 0 
0.433 	 0 
0.433 	 0 
0.433 	 0 
0.433 	 1 
0.434 	 0 
0.434 	 2 
0.434 	 0 
0.434 	 2 
0.434 	 0 
0.434 	 1 
0.434 	 0 
0.434 	 1 
0.434 	 0 
0.434 	 1 
0.435 	 0 
0.435 	 1 
0.435 	 3 
0.435 	 1 
0.435 	 2 
0.435 	 2 
0.435 	 17 
0.435 	 10 
0.435 	 2 
0.435 	 1 
0.436 	 4 
0.436 	 0 
0.436 	 0 
0.436 	 1 
0.436 	 1 
0.436 	 1 
0.436 	 0 
0.436 	 0 
0.436 	 1 
0.436 	 0 
0.437 	 0 
0.437 	 0 
0.437 	 0 
0.437 	 0 
0.437 	 0 
0.437 	 1 
0.437 	 0 
0.437 	 0 
0.437 	 1 
0.438 	 1 
0.438 	 0 
0.438 	 0 
0.438 	 1 
0.438 	 2 
0.438 	 0 
0.438 	 0 
0.438 	 1 
0.438 	 0 
0.438 	 0 
0.439 	 3 
0.439 	 0 
0.439 	 0 
0.439 	 0 
0.439 	 0 
0.439 	 1 
0.439 	 0 
0.439 	 0 
0.439 	 0 
0.439 	 0 
0.440 	 1 
0.440 	 0 
0.440 	 1 
0.440 	 0 
0.440 	 1 
0.440 	 0 
0.440 	 0 
0.440 	 0 
0.440 	 1 
0.440 	 0 
0.441 	 0 
0.441 	 0 
0.441 	 1 
0.441 	 1 
0.441 	 1 
0.441 	 0 
0.441 	 1 
0.441 	 1 
0.441 	 2 
0.441 	 0 
0.442 	 0 
0.442 	 1 
0.442 	 2 
0.442 	 1 
0.442 	 1 
0.442 	 3 
0.442 	 2 
0.442 	 16 
0.442 	 10 
0.442 	 2 
0.443 	 0 
0.443 	 2 
0.443 	 1 
0.443 	 0 
0.443 	 3 
0.443 	 0 
0.443 	 0 
0.443 	 1 
0.443 	 0 
0.443 	 1 
0.444 	 0 
0.444 	 1 
0.444 	 0 
0.444 	 0 
0.444 	 0 
0.444 	 0 
0.444 	 0 
0.444 	 0 
0.444 	 0 
0.444 	 0 
0.445 	 1 
0.445 	 0 
0.445 	 2 
0.445 	 0 
0.445 	 0 
0.445 	 0 
0.445 	 0 
0.445 	 2 
0.445 	 1 
0.445 	 1 
0.446 	 5 
0.446 	 0 
0.446 	 0 
0.446 	 0 
0.446 	 0 
0.446 	 1 
0.446 	 0 
0.446 	 0 
0.446 	 1 
0.446 	 0 
0.447 	 1 
0.447 	 0 
0.447 	 0 
0.447 	 0 
0.447 	 0 
0.447 	 1 
0.447 	 1 
0.447 	 1 
0.447 	 0 
0.447 	 0 
0.448 	 1 
0.448 	 0 
0.448 	 1 
0.448 	 0 
0.448 	 0 
0.448 	 0 
0.448 	 1 
0.448 	 1 
0.448 	 2 
0.448 	 1 
0.449 	 1 
0.449 	 2 
0.449 	 2 
0.449 	 19 
0.449 	 9 
0.449 	 1 
0.449 	 1 
0.449 	 1 
0.449 	 1 
0.449 	 0 
0.450 	 2 
0.450 	 0 
0.450 	 1 
0.450 	 1 
0.450 	 0 
0.450 	 0 
0.450 	 0 
0.450 	 0 
0.450 	 2 
0.450 	 0 
0.451 	 0 
0.451 	 0 
0.451 	 0 
0.451 	 1 
0.451 	 0 
0.451 	 0 
0.451 	 0 
0.451 	 0 
0.451 	 0 
0.451 	 1 
0.452 	 0 
0.452 	 1 
0.452 	 0 
0.452 	 2 
0.452 	 0 
0.452 	 0 
0.452 	 0 
0.452 	 0 
0.452 	 0 
0.452 	 0 
0.453 	 0 
0.453 	 0 
0.453 	 0 
0.453 	 0 
0.453 	 0 
0.453 	 0 
0.453 	 1 
0.453 	 1 
0.453 	 0 
0.453 	 1 
0.454 	 2 
0.454 	 0 
0.454 	 1 
0.454 	 1 
0.454 	 0 
0.454 	 1 
0.454 	 0 
0.454 	 0 
0.454 	 0 
0.454 	 3 
0.455 	 1 
0.455 	 1 
0.455 	 3 
0.455 	 2 
0.455 	 4 
0.455 	 16 
0.455 	 11 
0.455 	 4 
0.455 	 1 
0.455 	 1 
0.456 	 1 
0.456 	 3 
0.456 	 1 
0.456 	 0 
0.456 	 0 
0.456 	 0 
0.456 	 0 
0.456 	 0 
0.456 	 0 
0.456 	 0 
0.457 	 0 
0.457 	 0 
0.457 	 0 
0.457 	 1 
0.457 	 0 
0.457 	 0 
0.457 	 0 
0.457 	 1 
0.457 	 2 
0.457 	 1 
0.458 	 1 
0.458 	 0 
0.458 	 0 
0.458 	 1 
0.458 	 0 
0.458 	 0 
0.458 	 0 
0.458 	 0 
0.458 	 0 
0.458 	 0 
0.459 	 1 
0.459 	 1 
0.459 	 2 
0.459 	 3 
0.459 	 0 
0.459 	 0 
0.459 	 0 
0.459 	 0 
0.459 	 1 
0.459 	 0 
0.460 	 0 
0.460 	 0 
0.460 	 1 
0.460 	 0 
0.460 	 2 
0.460 	 0 
0.460 	 1 
0.460 	 1 
0.460 	 2 
0.460 	 1 
0.461 	 1 
0.461 	 4 
0.461 	 4 
0.461 	 20 
0.461 	 8 
0.461 	 1 
0.461 	 4 
0.461 	 0 
0.461 	 2 
0.461 	 0 
0.462 	 3 
0.462 	 0 
0.462 	 0 
0.462 	 0 
0.462 	 0 
0.462 	 0 
0.462 	 0 
0.462 	 0 
0.462 	 1 
0.462 	 0 
0.463 	 0 
0.463 	 0 
0.463 	 0 
0.463 	 0 
0.463 	 0 
0.463 	 0 
0.463 	 1 
0.463 	 2 
0.463 	 0 
0.463 	 0 
0.464 	 2 
0.464 	 0 
0.464 	 0 
0.464 	 0 
0.464 	 0 
0.464 	 0 
0.464 	 0 
0.464 	 1 
0.464 	 2 
0.464 	 1 
0.465 	 0 
0.465 	 0 
0.465 	 1 
0.465 	 0 
0.465 	 0 
0.465 	 0 
0.465 	 2 
0.465 	 1 
0.465 	 0 
0.465 	 0 
0.466 	 1 
0.466 	 3 
0.466 	 1 
0.466 	 1 
0.466 	 4 
0.466 	 2 
0.466 	 4 
0.466 	 15 
0.466 	 18 
0.466 	 0 
0.467 	 0 
0.467 	 0 
0.467 	 0 
0.467 	 0 
0.467 	 0 
0.467 	 1 
0.467 	 1 
0.467 	 0 
0.467 	 1 
0.467 	 0 
0.468 	 1 
0.468 	 0 
0.468 	 0 
0.468 	 0 
0.468 	 1 
0.468 	 0 
0.468 	 0 
0.468 	 0 
0.468 	 1 
0.468 	 0 
0.469 	 0 
0.469 	 3 
0.469 	 0 
0.469 	 0 
0.469 	 0 
0.469 	 2 
0.469 	 1 
0.469 	 0 
0.469 	 0 
0.469 	 0 
0.470 	 2 
0.470 	 0 
0.470 	 0 
0.470 	 0 
0.470 	 1 
0.470 	 0 
0.470 	 1 
0.470 	 0 
0.470 	 1 
0.470 	 2 
0.471 	 1 
0.471 	 1 
0.471 	 2 
0.471 	 0 
0.471 	 2 
0.471 	 2 
0.471 	 4 
0.471 	 23 
0.471 	 12 
0.471 	 4 
0.472 	 0 
0.472 	 1 
0.472 	 1 
0.472 	 0 
0.472 	 0 
0.472 	 0 
0.472 	 0 
0.472 	 0 
0.472 	 1 
0.472 	 1 
0.473 	 0 
0.473 	 0 
0.473 	 0 
0.473 	 0 
0.473 	 0 
0.473 	 0 
0.473 	 0 
0.473 	 0 
0.473 	 1 
0.473 	 1 
0.474 	 0 
0.474 	 0 
0.474 	 0 
0.474 	 0 
0.474 	 0 
0.474 	 1 
0.474 	 0 
0.474 	 1 
0.474 	 0 
0.474 	 0 
0.475 	 2 
0.475 	 0 
0.475 	 1 
0.475 	 1 
0.475 	 1 
0.475 	 1 
0.475 	 3 
0.475 	 2 
0.475 	 3 
0.475 	 0 
0.476 	 1 
0.476 	 2 
0.476 	 6 
0.476 	 18 
0.476 	 13 
0.476 	 2 
0.476 	 1 
0.476 	 2 
0.476 	 0 
0.476 	 1 
0.477 	 0 
0.477 	 0 
0.477 	 0 
0.477 	 0 
0.477 	 0 
0.477 	 1 
0.477 	 0 
0.477 	 0 
0.477 	 0 
0.477 	 0 
0.478 	 0 
0.478 	 0 
0.478 	 1 
0.478 	 2 
0.478 	 2 
0.478 	 1 
0.478 	 1 
0.478 	 0 
0.478 	 0 
0.478 	 0 
0.479 	 0 
0.479 	 0 
0.479 	 0 
0.479 	 0 
0.479 	 0 
0.479 	 0 
0.479 	 0 
0.479 	 1 
0.479 	 0 
0.479 	 1 
0.480 	 3 
0.480 	 2 
0.480 	 2 
0.480 	 1 
0.480 	 7 
0.480 	 23 
0.480 	 9 
0.480 	 2 
0.480 	 1 
0.480 	 2 
0.481 	 0 
0.481 	 0 
0.481 	 1 
0.481 	 0 
0.481 	 0 
0.481 	 1 
0.481 	 1 
0.481 	 0 
0.481 	 0 
0.481 	 0 
0.482 	 0 
0.482 	 0 
0.482 	 0 
0.482 	 0 
0.482 	 0 
0.482 	 0 
0.482 	 1 
0.482 	 0 
0.482 	 0 
0.482 	 1 
0.483 	 0 
0.483 	 0 
0.483 	 0 
0.483 	 0 
0.483 	 2 
0.483 	 1 
0.483 	 0 
0.483 	 0 
0.483 	 1 
0.483 	 2 
0.484 	 2 
0.484 	 3 
0.484 	 5 
0.484 	 21 
0.484 	 14 
0.484 	 2 
0.484 	 2 
0.484 	 0 
0.484 	 0 
0.484 	 0 
0.485 	 1 
0.485 	 0 
0.485 	 0 
0.485 	 1 
0.485 	 0 
0.485 	 1 
0.485 	 0 
0.485 	 0 
0.485 	 0 
0.485 	 0 
0.486 	 0 
0.486 	 0 
0.486 	 0 
0.486 	 0 
0.486 	 1 
0.486 	 0 
0.486 	 0 
0.486 	 1 
0.486 	 0 
0.486 	 0 
0.487 	 1 
0.487 	 0 
0.487 	 3 
0.487 	 1 
0.487 	 3 
0.487 	 4 
0.487 	 5 
0.487 	 24 
0.487 	 12 
0.487 	 0 
0.488 	 0 
0.488 	 0 
0.488 	 0 
0.488 	 0 
0.488 	 0 
0.488 	 0 
0.488 	 1 
0.488 	 0 
0.488 	 0 
0.488 	 0 
0.489 	 0 
0.489 	 0 
0.489 	 1 
0.489 	 1 
0.489 	 1 
0.489 	 1 
0.489 	 0 
0.489 	 2 
0.489 	 0 
0.489 	 1 
0.490 	 2 
0.490 	 0 
0.490 	 1 
0.490 	 0 
0.490 	 1 
0.490 	 4 
0.490 	 5 
0.490 	 27 
0.490 	 10 
0.490 	 1 
0.491 	 0 
0.491 	 0 
0.491 	 0 
0.491 	 0 
0.491 	 0 
0.491 	 0 
0.491 	 1 
0.491 	 1 
0.491 	 0 
0.491 	 0 
0.492 	 1 
0.492 	 0 
0.492 	 1 
0.492 	 1 
0.492 	 0 
0.492 	 0 
0.492 	 0 
0.492 	 2 
0.492 	 2 
0.492 	 1 
0.493 	 1 
0.493 	 4 
0.493 	 3 
0.493 	 27 
0.493 	 12 
0.493 	 0 
0.493 	 0 
0.493 	 1 
0.493 	 0 
0.493 	 1 
0.494 	 1 
0.494 	 1 
0.494 	 1 
0.494 	 1 
0.494 	 2 
0.494 	 2 
0.494 	 1 
0.494 	 0 
0.494 	 0 
0.494 	 1 
0.495 	 0 
0.495 	 2 
0.495 	 0 
0.495 	 4 
0.495 	 3 
0.495 	 35 
0.495 	 5 
0.495 	 2 
0.495 	 0 
0.495 	 0 
0.495 	 0 
0.496 	 0 
0.496 	 1 
0.496 	 3 
0.496 	 2 
0.496 	 3 
0.496 	 1 
0.496 	 1 
0.496 	 1 
0.496 	 2 
0.496 	 2 
0.497 	 2 
0.497 	 7 
0.497 	 30 
0.497 	 6 
0.497 	 2 
0.497 	 1 
0.497 	 2 
0.497 	 0 
0.497 	 1 
0.497 	 1 
0.498 	 2 
0.498 	 1 
0.498 	 1 
0.498 	 2 
0.498 	 3 
0.498 	 10 
0.498 	 37 
0.498 	 1 
0.498 	 1 
0.498 	 1 
0.499 	 1 
0.499 	 2 
0.499 	 2 
0.499 	 2 
0.499 	 4 
0.499 	 10 
0.499 	 36 
0.499 	 2 
0.499 	 1 
0.499 	 4 
0.500 	 3 
0.500 	 7 
0.500 	 45 
0.500 	 2 
0.500 	 13 
