0.000 	 10782 
0.000 	 775 
0.000 	 461 
0.000 	 296 
0.000 	 238 
0.001 	 193 
0.001 	 162 
0.001 	 119 
0.001 	 133 
0.001 	 94 
0.001 	 110 
0.001 	 67 
0.001 	 98 
0.001 	 67 
0.001 	 50 
0.002 	 76 
0.002 	 59 
0.002 	 40 
0.002 	 46 
0.002 	 63 
0.002 	 43 
0.002 	 34 
0.002 	 28 
0.002 	 45 
0.002 	 48 
0.003 	 31 
0.003 	 28 
0.003 	 24 
0.003 	 28 
0.003 	 26 
0.003 	 41 
0.003 	 42 
0.003 	 14 
0.003 	 17 
0.003 	 33 
0.004 	 28 
0.004 	 24 
0.004 	 30 
0.004 	 32 
0.004 	 36 
0.004 	 17 
0.004 	 12 
0.004 	 14 
0.004 	 14 
0.004 	 14 
0.005 	 15 
0.005 	 19 
0.005 	 16 
0.005 	 22 
0.005 	 37 
0.005 	 17 
0.005 	 16 
0.005 	 19 
0.005 	 17 
0.005 	 22 
0.006 	 17 
0.006 	 16 
0.006 	 13 
0.006 	 17 
0.006 	 23 
0.006 	 23 
0.006 	 19 
0.006 	 26 
0.006 	 19 
0.006 	 9 
0.007 	 11 
0.007 	 9 
0.007 	 16 
0.007 	 12 
0.007 	 20 
0.007 	 12 
0.007 	 38 
0.007 	 17 
0.007 	 16 
0.007 	 15 
0.008 	 14 
0.008 	 15 
0.008 	 15 
0.008 	 20 
0.008 	 21 
0.008 	 12 
0.008 	 11 
0.008 	 9 
0.008 	 13 
0.008 	 15 
0.009 	 15 
0.009 	 13 
0.009 	 11 
0.009 	 10 
0.009 	 17 
0.009 	 10 
0.009 	 12 
0.009 	 13 
0.009 	 13 
0.009 	 17 
0.010 	 11 
0.010 	 15 
0.010 	 14 
0.010 	 16 
0.010 	 14 
0.010 	 14 
0.010 	 19 
0.010 	 6 
0.010 	 16 
0.010 	 8 
0.011 	 12 
0.011 	 9 
0.011 	 30 
0.011 	 12 
0.011 	 6 
0.011 	 9 
0.011 	 12 
0.011 	 6 
0.011 	 10 
0.011 	 9 
0.012 	 12 
0.012 	 10 
0.012 	 11 
0.012 	 10 
0.012 	 13 
0.012 	 13 
0.012 	 9 
0.012 	 17 
0.012 	 16 
0.012 	 11 
0.013 	 11 
0.013 	 15 
0.013 	 12 
0.013 	 16 
0.013 	 18 
0.013 	 9 
0.013 	 7 
0.013 	 9 
0.013 	 13 
0.013 	 4 
0.014 	 7 
0.014 	 6 
0.014 	 14 
0.014 	 13 
0.014 	 14 
0.014 	 5 
0.014 	 11 
0.014 	 23 
0.014 	 13 
0.014 	 9 
0.015 	 10 
0.015 	 9 
0.015 	 14 
0.015 	 10 
0.015 	 16 
0.015 	 11 
0.015 	 6 
0.015 	 12 
0.015 	 11 
0.015 	 17 
0.016 	 7 
0.016 	 14 
0.016 	 11 
0.016 	 8 
0.016 	 11 
0.016 	 17 
0.016 	 11 
0.016 	 13 
0.016 	 14 
0.016 	 18 
0.017 	 17 
0.017 	 9 
0.017 	 12 
0.017 	 10 
0.017 	 11 
0.017 	 9 
0.017 	 8 
0.017 	 13 
0.017 	 9 
0.017 	 11 
0.018 	 8 
0.018 	 14 
0.018 	 22 
0.018 	 10 
0.018 	 13 
0.018 	 7 
0.018 	 9 
0.018 	 12 
0.018 	 16 
0.018 	 15 
0.019 	 13 
0.019 	 16 
0.019 	 8 
0.019 	 17 
0.019 	 12 
0.019 	 8 
0.019 	 12 
0.019 	 19 
0.019 	 8 
0.019 	 7 
0.020 	 12 
0.020 	 7 
0.020 	 12 
0.020 	 9 
0.020 	 10 
0.020 	 13 
0.020 	 15 
0.020 	 10 
0.020 	 9 
0.020 	 16 
0.021 	 12 
0.021 	 8 
0.021 	 14 
0.021 	 14 
0.021 	 16 
0.021 	 17 
0.021 	 21 
0.021 	 9 
0.021 	 14 
0.021 	 11 
0.022 	 10 
0.022 	 6 
0.022 	 7 
0.022 	 7 
0.022 	 13 
0.022 	 11 
0.022 	 9 
0.022 	 8 
0.022 	 6 
0.022 	 13 
0.023 	 7 
0.023 	 5 
0.023 	 8 
0.023 	 9 
0.023 	 8 
0.023 	 16 
0.023 	 9 
0.023 	 9 
0.023 	 15 
0.023 	 4 
0.024 	 12 
0.024 	 14 
0.024 	 4 
0.024 	 15 
0.024 	 6 
0.024 	 13 
0.024 	 8 
0.024 	 3 
0.024 	 12 
0.024 	 27 
0.025 	 18 
0.025 	 10 
0.025 	 10 
0.025 	 9 
0.025 	 13 
0.025 	 10 
0.025 	 17 
0.025 	 14 
0.025 	 6 
0.025 	 11 
0.026 	 8 
0.026 	 12 
0.026 	 8 
0.026 	 15 
0.026 	 7 
0.026 	 8 
0.026 	 13 
0.026 	 9 
0.026 	 7 
0.026 	 13 
0.027 	 10 
0.027 	 14 
0.027 	 12 
0.027 	 14 
0.027 	 12 
0.027 	 9 
0.027 	 11 
0.027 	 9 
0.027 	 11 
0.027 	 7 
0.028 	 10 
0.028 	 14 
0.028 	 8 
0.028 	 14 
0.028 	 11 
0.028 	 10 
0.028 	 10 
0.028 	 13 
0.028 	 10 
0.028 	 7 
0.029 	 5 
0.029 	 12 
0.029 	 12 
0.029 	 10 
0.029 	 12 
0.029 	 7 
0.029 	 13 
0.029 	 5 
0.029 	 6 
0.029 	 8 
0.030 	 9 
0.030 	 14 
0.030 	 4 
0.030 	 12 
0.030 	 13 
0.030 	 15 
0.030 	 13 
0.030 	 12 
0.030 	 8 
0.030 	 13 
0.031 	 12 
0.031 	 12 
0.031 	 7 
0.031 	 10 
0.031 	 18 
0.031 	 12 
0.031 	 10 
0.031 	 9 
0.031 	 14 
0.031 	 14 
0.032 	 13 
0.032 	 10 
0.032 	 8 
0.032 	 6 
0.032 	 8 
0.032 	 8 
0.032 	 9 
0.032 	 5 
0.032 	 5 
0.032 	 11 
0.033 	 13 
0.033 	 16 
0.033 	 11 
0.033 	 15 
0.033 	 8 
0.033 	 13 
0.033 	 9 
0.033 	 13 
0.033 	 18 
0.033 	 9 
0.034 	 10 
0.034 	 13 
0.034 	 6 
0.034 	 14 
0.034 	 19 
0.034 	 14 
0.034 	 20 
0.034 	 18 
0.034 	 8 
0.034 	 12 
0.035 	 11 
0.035 	 11 
0.035 	 6 
0.035 	 13 
0.035 	 11 
0.035 	 5 
0.035 	 10 
0.035 	 11 
0.035 	 8 
0.035 	 8 
0.036 	 7 
0.036 	 16 
0.036 	 16 
0.036 	 12 
0.036 	 13 
0.036 	 14 
0.036 	 24 
0.036 	 13 
0.036 	 14 
0.036 	 17 
0.037 	 15 
0.037 	 15 
0.037 	 16 
0.037 	 16 
0.037 	 26 
0.037 	 19 
0.037 	 18 
0.037 	 20 
0.037 	 11 
0.037 	 21 
0.038 	 11 
0.038 	 23 
0.038 	 16 
0.038 	 13 
0.038 	 16 
0.038 	 15 
0.038 	 23 
0.038 	 22 
0.038 	 15 
0.038 	 22 
0.039 	 15 
0.039 	 22 
0.039 	 21 
0.039 	 20 
0.039 	 20 
0.039 	 13 
0.039 	 17 
0.039 	 22 
0.039 	 14 
0.039 	 26 
0.040 	 12 
0.040 	 20 
0.040 	 15 
0.040 	 31 
0.040 	 24 
0.040 	 25 
0.040 	 18 
0.040 	 26 
0.040 	 20 
0.040 	 19 
0.041 	 23 
0.041 	 25 
0.041 	 27 
0.041 	 28 
0.041 	 27 
0.041 	 26 
0.041 	 35 
0.041 	 23 
0.041 	 33 
0.041 	 29 
0.042 	 29 
0.042 	 28 
0.042 	 35 
0.042 	 29 
0.042 	 27 
0.042 	 34 
0.042 	 23 
0.042 	 31 
0.042 	 23 
0.042 	 28 
0.043 	 34 
0.043 	 40 
0.043 	 31 
0.043 	 27 
0.043 	 28 
0.043 	 27 
0.043 	 25 
0.043 	 37 
0.043 	 38 
0.043 	 33 
0.044 	 26 
0.044 	 25 
0.044 	 39 
0.044 	 25 
0.044 	 27 
0.044 	 29 
0.044 	 28 
0.044 	 34 
0.044 	 26 
0.044 	 21 
0.045 	 32 
0.045 	 31 
0.045 	 30 
0.045 	 24 
0.045 	 31 
0.045 	 30 
0.045 	 24 
0.045 	 31 
0.045 	 27 
0.045 	 34 
0.046 	 19 
0.046 	 20 
0.046 	 25 
0.046 	 23 
0.046 	 27 
0.046 	 33 
0.046 	 21 
0.046 	 19 
0.046 	 25 
0.046 	 27 
0.047 	 17 
0.047 	 29 
0.047 	 25 
0.047 	 31 
0.047 	 17 
0.047 	 26 
0.047 	 32 
0.047 	 23 
0.047 	 32 
0.047 	 12 
0.048 	 31 
0.048 	 27 
0.048 	 20 
0.048 	 35 
0.048 	 31 
0.048 	 23 
0.048 	 30 
0.048 	 17 
0.048 	 27 
0.048 	 23 
0.049 	 18 
0.049 	 40 
0.049 	 19 
0.049 	 24 
0.049 	 25 
0.049 	 18 
0.049 	 30 
0.049 	 25 
0.049 	 40 
0.049 	 22 
0.050 	 16 
0.050 	 31 
0.050 	 10 
0.050 	 20 
0.050 	 17 
0.050 	 27 
0.050 	 29 
0.050 	 23 
0.050 	 20 
0.050 	 21 
0.051 	 19 
0.051 	 26 
0.051 	 25 
0.051 	 21 
0.051 	 28 
0.051 	 16 
0.051 	 21 
0.051 	 14 
0.051 	 19 
0.051 	 24 
0.052 	 22 
0.052 	 27 
0.052 	 17 
0.052 	 19 
0.052 	 20 
0.052 	 26 
0.052 	 23 
0.052 	 24 
0.052 	 19 
0.052 	 21 
0.053 	 22 
0.053 	 22 
0.053 	 22 
0.053 	 16 
0.053 	 21 
0.053 	 15 
0.053 	 24 
0.053 	 17 
0.053 	 24 
0.053 	 19 
0.054 	 19 
0.054 	 18 
0.054 	 22 
0.054 	 23 
0.054 	 23 
0.054 	 21 
0.054 	 24 
0.054 	 29 
0.054 	 15 
0.054 	 14 
0.055 	 23 
0.055 	 16 
0.055 	 25 
0.055 	 21 
0.055 	 19 
0.055 	 17 
0.055 	 27 
0.055 	 17 
0.055 	 21 
0.055 	 19 
0.056 	 20 
0.056 	 21 
0.056 	 34 
0.056 	 20 
0.056 	 23 
0.056 	 27 
0.056 	 21 
0.056 	 27 
0.056 	 30 
0.056 	 19 
0.057 	 27 
0.057 	 11 
0.057 	 24 
0.057 	 34 
0.057 	 27 
0.057 	 24 
0.057 	 21 
0.057 	 20 
0.057 	 13 
0.057 	 16 
0.058 	 22 
0.058 	 22 
0.058 	 23 
0.058 	 25 
0.058 	 21 
0.058 	 22 
0.058 	 29 
0.058 	 27 
0.058 	 27 
0.058 	 20 
0.059 	 20 
0.059 	 23 
0.059 	 22 
0.059 	 32 
0.059 	 26 
0.059 	 23 
0.059 	 26 
0.059 	 23 
0.059 	 34 
0.059 	 21 
0.060 	 27 
0.060 	 19 
0.060 	 22 
0.060 	 23 
0.060 	 26 
0.060 	 36 
0.060 	 24 
0.060 	 23 
0.060 	 31 
0.060 	 28 
0.061 	 23 
0.061 	 32 
0.061 	 19 
0.061 	 28 
0.061 	 28 
0.061 	 25 
0.061 	 24 
0.061 	 29 
0.061 	 29 
0.061 	 37 
0.062 	 36 
0.062 	 28 
0.062 	 28 
0.062 	 32 
0.062 	 31 
0.062 	 31 
0.062 	 20 
0.062 	 29 
0.062 	 29 
0.062 	 38 
0.063 	 24 
0.063 	 32 
0.063 	 31 
0.063 	 27 
0.063 	 28 
0.063 	 24 
0.063 	 21 
0.063 	 33 
0.063 	 30 
0.063 	 27 
0.064 	 16 
0.064 	 30 
0.064 	 32 
0.064 	 26 
0.064 	 28 
0.064 	 33 
0.064 	 35 
0.064 	 26 
0.064 	 37 
0.064 	 25 
0.065 	 17 
0.065 	 22 
0.065 	 24 
0.065 	 31 
0.065 	 28 
0.065 	 29 
0.065 	 27 
0.065 	 33 
0.065 	 27 
0.065 	 35 
0.066 	 28 
0.066 	 32 
0.066 	 28 
0.066 	 26 
0.066 	 33 
0.066 	 21 
0.066 	 27 
0.066 	 30 
0.066 	 24 
0.066 	 30 
0.067 	 26 
0.067 	 33 
0.067 	 25 
0.067 	 32 
0.067 	 28 
0.067 	 33 
0.067 	 26 
0.067 	 26 
0.067 	 18 
0.067 	 37 
0.068 	 24 
0.068 	 20 
0.068 	 27 
0.068 	 34 
0.068 	 26 
0.068 	 34 
0.068 	 35 
0.068 	 23 
0.068 	 33 
0.068 	 33 
0.069 	 33 
0.069 	 30 
0.069 	 23 
0.069 	 24 
0.069 	 28 
0.069 	 32 
0.069 	 29 
0.069 	 28 
0.069 	 29 
0.069 	 29 
0.070 	 29 
0.070 	 35 
0.070 	 26 
0.070 	 31 
0.070 	 33 
0.070 	 29 
0.070 	 41 
0.070 	 23 
0.070 	 32 
0.070 	 32 
0.071 	 36 
0.071 	 25 
0.071 	 21 
0.071 	 27 
0.071 	 31 
0.071 	 20 
0.071 	 26 
0.071 	 25 
0.071 	 43 
0.071 	 34 
0.072 	 33 
0.072 	 36 
0.072 	 35 
0.072 	 37 
0.072 	 25 
0.072 	 40 
0.072 	 22 
0.072 	 26 
0.072 	 35 
0.072 	 46 
0.073 	 31 
0.073 	 38 
0.073 	 26 
0.073 	 33 
0.073 	 49 
0.073 	 32 
0.073 	 42 
0.073 	 40 
0.073 	 37 
0.073 	 27 
0.074 	 48 
0.074 	 33 
0.074 	 28 
0.074 	 28 
0.074 	 37 
0.074 	 23 
0.074 	 34 
0.074 	 45 
0.074 	 35 
0.074 	 30 
0.075 	 27 
0.075 	 44 
0.075 	 39 
0.075 	 37 
0.075 	 28 
0.075 	 22 
0.075 	 21 
0.075 	 37 
0.075 	 30 
0.075 	 40 
0.076 	 32 
0.076 	 30 
0.076 	 38 
0.076 	 35 
0.076 	 21 
0.076 	 28 
0.076 	 30 
0.076 	 31 
0.076 	 26 
0.076 	 33 
0.077 	 30 
0.077 	 39 
0.077 	 31 
0.077 	 39 
0.077 	 36 
0.077 	 42 
0.077 	 29 
0.077 	 55 
0.077 	 32 
0.077 	 38 
0.078 	 42 
0.078 	 41 
0.078 	 36 
0.078 	 53 
0.078 	 59 
0.078 	 47 
0.078 	 35 
0.078 	 33 
0.078 	 43 
0.078 	 35 
0.079 	 22 
0.079 	 27 
0.079 	 18 
0.079 	 11 
0.079 	 17 
0.079 	 16 
0.079 	 18 
0.079 	 32 
0.079 	 17 
0.079 	 19 
0.080 	 16 
0.080 	 17 
0.080 	 18 
0.080 	 12 
0.080 	 30 
0.080 	 23 
0.080 	 16 
0.080 	 16 
0.080 	 9 
0.080 	 20 
0.081 	 22 
0.081 	 15 
0.081 	 24 
0.081 	 14 
0.081 	 19 
0.081 	 14 
0.081 	 27 
0.081 	 21 
0.081 	 15 
0.081 	 12 
0.082 	 18 
0.082 	 18 
0.082 	 16 
0.082 	 30 
0.082 	 19 
0.082 	 15 
0.082 	 15 
0.082 	 27 
0.082 	 25 
0.082 	 21 
0.083 	 18 
0.083 	 16 
0.083 	 25 
0.083 	 23 
0.083 	 20 
0.083 	 11 
0.083 	 15 
0.083 	 18 
0.083 	 9 
0.083 	 18 
0.083 	 20 
0.084 	 22 
0.084 	 24 
0.084 	 22 
0.084 	 19 
0.084 	 23 
0.084 	 24 
0.084 	 22 
0.084 	 22 
0.084 	 25 
0.084 	 20 
0.085 	 20 
0.085 	 23 
0.085 	 26 
0.085 	 13 
0.085 	 19 
0.085 	 16 
0.085 	 23 
0.085 	 18 
0.085 	 19 
0.085 	 14 
0.086 	 20 
0.086 	 23 
0.086 	 14 
0.086 	 16 
0.086 	 15 
0.086 	 19 
0.086 	 15 
0.086 	 23 
0.086 	 24 
0.086 	 19 
0.087 	 25 
0.087 	 16 
0.087 	 24 
0.087 	 22 
0.087 	 16 
0.087 	 23 
0.087 	 13 
0.087 	 22 
0.087 	 20 
0.087 	 21 
0.088 	 26 
0.088 	 16 
0.088 	 12 
0.088 	 20 
0.088 	 23 
0.088 	 18 
0.088 	 13 
0.088 	 18 
0.088 	 21 
0.088 	 21 
0.089 	 17 
0.089 	 33 
0.089 	 22 
0.089 	 17 
0.089 	 15 
0.089 	 16 
0.089 	 16 
0.089 	 20 
0.089 	 19 
0.089 	 17 
0.090 	 23 
0.090 	 9 
0.090 	 23 
0.090 	 21 
0.090 	 21 
0.090 	 23 
0.090 	 23 
0.090 	 18 
0.090 	 14 
0.090 	 20 
0.091 	 23 
0.091 	 7 
0.091 	 18 
0.091 	 10 
0.091 	 20 
0.091 	 14 
0.091 	 16 
0.091 	 14 
0.091 	 15 
0.091 	 9 
0.092 	 15 
0.092 	 15 
0.092 	 14 
0.092 	 15 
0.092 	 16 
0.092 	 9 
0.092 	 13 
0.092 	 10 
0.092 	 17 
0.092 	 14 
0.093 	 11 
0.093 	 15 
0.093 	 14 
0.093 	 9 
0.093 	 10 
0.093 	 11 
0.093 	 14 
0.093 	 14 
0.093 	 9 
0.093 	 13 
0.094 	 15 
0.094 	 16 
0.094 	 14 
0.094 	 8 
0.094 	 9 
0.094 	 11 
0.094 	 10 
0.094 	 9 
0.094 	 11 
0.094 	 8 
0.095 	 10 
0.095 	 9 
0.095 	 11 
0.095 	 7 
0.095 	 14 
0.095 	 10 
0.095 	 18 
0.095 	 19 
0.095 	 7 
0.095 	 6 
0.096 	 10 
0.096 	 8 
0.096 	 12 
0.096 	 11 
0.096 	 12 
0.096 	 11 
0.096 	 9 
0.096 	 8 
0.096 	 11 
0.096 	 10 
0.097 	 5 
0.097 	 5 
0.097 	 8 
0.097 	 7 
0.097 	 7 
0.097 	 10 
0.097 	 13 
0.097 	 12 
0.097 	 18 
0.097 	 13 
0.098 	 11 
0.098 	 7 
0.098 	 8 
0.098 	 5 
0.098 	 5 
0.098 	 7 
0.098 	 9 
0.098 	 10 
0.098 	 10 
0.098 	 10 
0.099 	 10 
0.099 	 7 
0.099 	 9 
0.099 	 11 
0.099 	 4 
0.099 	 8 
0.099 	 4 
0.099 	 10 
0.099 	 9 
0.099 	 2 
0.100 	 7 
0.100 	 10 
0.100 	 5 
0.100 	 11 
0.100 	 3 
0.100 	 12 
0.100 	 7 
0.100 	 9 
0.100 	 8 
0.100 	 9 
0.101 	 1 
0.101 	 10 
0.101 	 11 
0.101 	 12 
0.101 	 7 
0.101 	 8 
0.101 	 7 
0.101 	 9 
0.101 	 6 
0.101 	 8 
0.102 	 4 
0.102 	 6 
0.102 	 5 
0.102 	 12 
0.102 	 10 
0.102 	 11 
0.102 	 7 
0.102 	 14 
0.102 	 7 
0.102 	 9 
0.103 	 5 
0.103 	 8 
0.103 	 8 
0.103 	 9 
0.103 	 4 
0.103 	 6 
0.103 	 5 
0.103 	 6 
0.103 	 10 
0.103 	 10 
0.104 	 8 
0.104 	 5 
0.104 	 9 
0.104 	 8 
0.104 	 8 
0.104 	 9 
0.104 	 6 
0.104 	 8 
0.104 	 4 
0.104 	 7 
0.105 	 2 
0.105 	 6 
0.105 	 11 
0.105 	 1 
0.105 	 7 
0.105 	 7 
0.105 	 4 
0.105 	 7 
0.105 	 9 
0.105 	 9 
0.106 	 14 
0.106 	 8 
0.106 	 5 
0.106 	 5 
0.106 	 7 
0.106 	 12 
0.106 	 6 
0.106 	 2 
0.106 	 7 
0.106 	 6 
0.107 	 9 
0.107 	 8 
0.107 	 8 
0.107 	 8 
0.107 	 5 
0.107 	 14 
0.107 	 7 
0.107 	 7 
0.107 	 4 
0.107 	 9 
0.108 	 8 
0.108 	 4 
0.108 	 5 
0.108 	 10 
0.108 	 7 
0.108 	 9 
0.108 	 7 
0.108 	 4 
0.108 	 7 
0.108 	 8 
0.109 	 5 
0.109 	 10 
0.109 	 7 
0.109 	 4 
0.109 	 13 
0.109 	 5 
0.109 	 9 
0.109 	 7 
0.109 	 9 
0.109 	 9 
0.110 	 5 
0.110 	 9 
0.110 	 6 
0.110 	 5 
0.110 	 5 
0.110 	 12 
0.110 	 9 
0.110 	 6 
0.110 	 6 
0.110 	 4 
0.111 	 4 
0.111 	 3 
0.111 	 7 
0.111 	 9 
0.111 	 7 
0.111 	 5 
0.111 	 7 
0.111 	 6 
0.111 	 13 
0.111 	 8 
0.112 	 5 
0.112 	 6 
0.112 	 9 
0.112 	 14 
0.112 	 5 
0.112 	 5 
0.112 	 7 
0.112 	 7 
0.112 	 6 
0.112 	 5 
0.113 	 9 
0.113 	 10 
0.113 	 10 
0.113 	 8 
0.113 	 10 
0.113 	 9 
0.113 	 5 
0.113 	 11 
0.113 	 10 
0.113 	 5 
0.114 	 4 
0.114 	 5 
0.114 	 4 
0.114 	 7 
0.114 	 5 
0.114 	 12 
0.114 	 5 
0.114 	 7 
0.114 	 6 
0.114 	 6 
0.115 	 9 
0.115 	 2 
0.115 	 8 
0.115 	 5 
0.115 	 8 
0.115 	 6 
0.115 	 10 
0.115 	 9 
0.115 	 5 
0.115 	 9 
0.116 	 5 
0.116 	 8 
0.116 	 8 
0.116 	 6 
0.116 	 6 
0.116 	 5 
0.116 	 4 
0.116 	 10 
0.116 	 4 
0.116 	 1 
0.117 	 6 
0.117 	 9 
0.117 	 5 
0.117 	 7 
0.117 	 6 
0.117 	 8 
0.117 	 4 
0.117 	 8 
0.117 	 5 
0.117 	 3 
0.118 	 9 
0.118 	 10 
0.118 	 3 
0.118 	 5 
0.118 	 3 
0.118 	 5 
0.118 	 8 
0.118 	 6 
0.118 	 7 
0.118 	 7 
0.119 	 3 
0.119 	 6 
0.119 	 10 
0.119 	 7 
0.119 	 2 
0.119 	 7 
0.119 	 9 
0.119 	 5 
0.119 	 10 
0.119 	 5 
0.120 	 9 
0.120 	 9 
0.120 	 4 
0.120 	 3 
0.120 	 6 
0.120 	 9 
0.120 	 3 
0.120 	 5 
0.120 	 6 
0.120 	 3 
0.121 	 3 
0.121 	 5 
0.121 	 5 
0.121 	 7 
0.121 	 2 
0.121 	 6 
0.121 	 8 
0.121 	 7 
0.121 	 1 
0.121 	 3 
0.122 	 7 
0.122 	 4 
0.122 	 6 
0.122 	 2 
0.122 	 3 
0.122 	 9 
0.122 	 5 
0.122 	 4 
0.122 	 6 
0.122 	 7 
0.123 	 5 
0.123 	 5 
0.123 	 3 
0.123 	 7 
0.123 	 4 
0.123 	 5 
0.123 	 5 
0.123 	 4 
0.123 	 3 
0.123 	 1 
0.124 	 1 
0.124 	 8 
0.124 	 5 
0.124 	 2 
0.124 	 2 
0.124 	 2 
0.124 	 8 
0.124 	 5 
0.124 	 2 
0.124 	 9 
0.125 	 3 
0.125 	 6 
0.125 	 3 
0.125 	 3 
0.125 	 5 
0.125 	 3 
0.125 	 6 
0.125 	 7 
0.125 	 3 
0.125 	 10 
0.126 	 6 
0.126 	 1 
0.126 	 4 
0.126 	 2 
0.126 	 5 
0.126 	 5 
0.126 	 3 
0.126 	 3 
0.126 	 3 
0.126 	 4 
0.127 	 3 
0.127 	 1 
0.127 	 4 
0.127 	 5 
0.127 	 4 
0.127 	 3 
0.127 	 3 
0.127 	 8 
0.127 	 1 
0.127 	 7 
0.128 	 7 
0.128 	 2 
0.128 	 4 
0.128 	 1 
0.128 	 2 
0.128 	 2 
0.128 	 5 
0.128 	 6 
0.128 	 2 
0.128 	 9 
0.129 	 3 
0.129 	 3 
0.129 	 3 
0.129 	 4 
0.129 	 7 
0.129 	 5 
0.129 	 2 
0.129 	 2 
0.129 	 3 
0.129 	 2 
0.130 	 4 
0.130 	 2 
0.130 	 5 
0.130 	 2 
0.130 	 3 
0.130 	 3 
0.130 	 8 
0.130 	 5 
0.130 	 4 
0.130 	 10 
0.131 	 4 
0.131 	 3 
0.131 	 3 
0.131 	 1 
0.131 	 5 
0.131 	 4 
0.131 	 4 
0.131 	 3 
0.131 	 0 
0.131 	 3 
0.132 	 5 
0.132 	 0 
0.132 	 3 
0.132 	 11 
0.132 	 4 
0.132 	 2 
0.132 	 2 
0.132 	 6 
0.132 	 3 
0.132 	 4 
0.133 	 1 
0.133 	 2 
0.133 	 7 
0.133 	 1 
0.133 	 2 
0.133 	 8 
0.133 	 3 
0.133 	 0 
0.133 	 0 
0.133 	 5 
0.134 	 9 
0.134 	 4 
0.134 	 6 
0.134 	 3 
0.134 	 2 
0.134 	 1 
0.134 	 2 
0.134 	 3 
0.134 	 5 
0.134 	 2 
0.135 	 2 
0.135 	 4 
0.135 	 3 
0.135 	 1 
0.135 	 3 
0.135 	 3 
0.135 	 2 
0.135 	 5 
0.135 	 3 
0.135 	 1 
0.136 	 5 
0.136 	 4 
0.136 	 3 
0.136 	 10 
0.136 	 3 
0.136 	 5 
0.136 	 1 
0.136 	 3 
0.136 	 5 
0.136 	 3 
0.137 	 6 
0.137 	 4 
0.137 	 0 
0.137 	 3 
0.137 	 2 
0.137 	 3 
0.137 	 2 
0.137 	 0 
0.137 	 5 
0.137 	 3 
0.138 	 1 
0.138 	 3 
0.138 	 3 
0.138 	 2 
0.138 	 3 
0.138 	 3 
0.138 	 4 
0.138 	 0 
0.138 	 4 
0.138 	 4 
0.139 	 1 
0.139 	 2 
0.139 	 2 
0.139 	 5 
0.139 	 3 
0.139 	 6 
0.139 	 3 
0.139 	 2 
0.139 	 4 
0.139 	 1 
0.140 	 2 
0.140 	 5 
0.140 	 4 
0.140 	 6 
0.140 	 5 
0.140 	 2 
0.140 	 1 
0.140 	 3 
0.140 	 7 
0.140 	 6 
0.141 	 3 
0.141 	 2 
0.141 	 5 
0.141 	 3 
0.141 	 1 
0.141 	 1 
0.141 	 4 
0.141 	 2 
0.141 	 3 
0.141 	 1 
0.142 	 2 
0.142 	 4 
0.142 	 3 
0.142 	 4 
0.142 	 3 
0.142 	 2 
0.142 	 1 
0.142 	 0 
0.142 	 3 
0.142 	 5 
0.143 	 3 
0.143 	 1 
0.143 	 3 
0.143 	 3 
0.143 	 2 
0.143 	 1 
0.143 	 4 
0.143 	 2 
0.143 	 3 
0.143 	 2 
0.144 	 4 
0.144 	 4 
0.144 	 4 
0.144 	 1 
0.144 	 4 
0.144 	 2 
0.144 	 1 
0.144 	 3 
0.144 	 4 
0.144 	 1 
0.145 	 6 
0.145 	 2 
0.145 	 6 
0.145 	 6 
0.145 	 3 
0.145 	 3 
0.145 	 2 
0.145 	 1 
0.145 	 4 
0.145 	 2 
0.146 	 4 
0.146 	 2 
0.146 	 5 
0.146 	 1 
0.146 	 1 
0.146 	 4 
0.146 	 4 
0.146 	 1 
0.146 	 1 
0.146 	 3 
0.147 	 5 
0.147 	 5 
0.147 	 2 
0.147 	 3 
0.147 	 1 
0.147 	 3 
0.147 	 5 
0.147 	 8 
0.147 	 5 
0.147 	 4 
0.148 	 3 
0.148 	 4 
0.148 	 7 
0.148 	 4 
0.148 	 1 
0.148 	 0 
0.148 	 2 
0.148 	 3 
0.148 	 3 
0.148 	 1 
0.149 	 3 
0.149 	 1 
0.149 	 2 
0.149 	 6 
0.149 	 4 
0.149 	 3 
0.149 	 1 
0.149 	 3 
0.149 	 4 
0.149 	 2 
0.150 	 3 
0.150 	 1 
0.150 	 2 
0.150 	 2 
0.150 	 4 
0.150 	 5 
0.150 	 1 
0.150 	 3 
0.150 	 4 
0.150 	 2 
0.151 	 1 
0.151 	 1 
0.151 	 4 
0.151 	 0 
0.151 	 7 
0.151 	 3 
0.151 	 2 
0.151 	 1 
0.151 	 6 
0.151 	 2 
0.152 	 2 
0.152 	 2 
0.152 	 6 
0.152 	 3 
0.152 	 4 
0.152 	 4 
0.152 	 3 
0.152 	 3 
0.152 	 2 
0.152 	 6 
0.153 	 1 
0.153 	 7 
0.153 	 8 
0.153 	 3 
0.153 	 1 
0.153 	 4 
0.153 	 2 
0.153 	 0 
0.153 	 2 
0.153 	 4 
0.154 	 3 
0.154 	 1 
0.154 	 2 
0.154 	 3 
0.154 	 2 
0.154 	 5 
0.154 	 0 
0.154 	 1 
0.154 	 1 
0.154 	 4 
0.155 	 1 
0.155 	 2 
0.155 	 2 
0.155 	 1 
0.155 	 1 
0.155 	 3 
0.155 	 3 
0.155 	 3 
0.155 	 4 
0.155 	 0 
0.156 	 3 
0.156 	 2 
0.156 	 2 
0.156 	 1 
0.156 	 4 
0.156 	 2 
0.156 	 2 
0.156 	 2 
0.156 	 1 
0.156 	 1 
0.157 	 0 
0.157 	 3 
0.157 	 3 
0.157 	 2 
0.157 	 3 
0.157 	 1 
0.157 	 3 
0.157 	 2 
0.157 	 3 
0.157 	 3 
0.158 	 7 
0.158 	 1 
0.158 	 1 
0.158 	 4 
0.158 	 2 
0.158 	 5 
0.158 	 3 
0.158 	 2 
0.158 	 3 
0.158 	 1 
0.159 	 2 
0.159 	 1 
0.159 	 3 
0.159 	 1 
0.159 	 4 
0.159 	 4 
0.159 	 2 
0.159 	 3 
0.159 	 4 
0.159 	 3 
0.160 	 1 
0.160 	 3 
0.160 	 4 
0.160 	 1 
0.160 	 4 
0.160 	 3 
0.160 	 2 
0.160 	 2 
0.160 	 2 
0.160 	 1 
0.161 	 2 
0.161 	 3 
0.161 	 2 
0.161 	 5 
0.161 	 5 
0.161 	 2 
0.161 	 2 
0.161 	 3 
0.161 	 3 
0.161 	 2 
0.162 	 3 
0.162 	 4 
0.162 	 2 
0.162 	 3 
0.162 	 2 
0.162 	 3 
0.162 	 4 
0.162 	 2 
0.162 	 4 
0.162 	 3 
0.163 	 6 
0.163 	 3 
0.163 	 1 
0.163 	 3 
0.163 	 3 
0.163 	 3 
0.163 	 4 
0.163 	 0 
0.163 	 7 
0.163 	 3 
0.164 	 2 
0.164 	 7 
0.164 	 7 
0.164 	 4 
0.164 	 4 
0.164 	 8 
0.164 	 4 
0.164 	 1 
0.164 	 3 
0.164 	 3 
0.165 	 6 
0.165 	 1 
0.165 	 2 
0.165 	 3 
0.165 	 3 
0.165 	 1 
0.165 	 2 
0.165 	 5 
0.165 	 3 
0.165 	 1 
0.166 	 2 
0.166 	 3 
0.166 	 4 
0.166 	 3 
0.166 	 3 
0.166 	 3 
0.166 	 1 
0.166 	 0 
0.166 	 1 
0.166 	 2 
0.166 	 3 
0.167 	 2 
0.167 	 2 
0.167 	 3 
0.167 	 1 
0.167 	 0 
0.167 	 3 
0.167 	 2 
0.167 	 3 
0.167 	 1 
0.167 	 2 
0.168 	 0 
0.168 	 2 
0.168 	 1 
0.168 	 2 
0.168 	 7 
0.168 	 1 
0.168 	 1 
0.168 	 2 
0.168 	 1 
0.168 	 3 
0.169 	 1 
0.169 	 5 
0.169 	 0 
0.169 	 3 
0.169 	 0 
0.169 	 1 
0.169 	 3 
0.169 	 4 
0.169 	 2 
0.169 	 3 
0.170 	 2 
0.170 	 5 
0.170 	 1 
0.170 	 2 
0.170 	 4 
0.170 	 2 
0.170 	 0 
0.170 	 2 
0.170 	 2 
0.170 	 2 
0.171 	 1 
0.171 	 1 
0.171 	 3 
0.171 	 0 
0.171 	 4 
0.171 	 4 
0.171 	 4 
0.171 	 2 
0.171 	 1 
0.171 	 3 
0.172 	 3 
0.172 	 2 
0.172 	 2 
0.172 	 2 
0.172 	 2 
0.172 	 2 
0.172 	 1 
0.172 	 6 
0.172 	 4 
0.172 	 1 
0.173 	 3 
0.173 	 1 
0.173 	 3 
0.173 	 2 
0.173 	 3 
0.173 	 3 
0.173 	 5 
0.173 	 3 
0.173 	 1 
0.173 	 2 
0.174 	 8 
0.174 	 0 
0.174 	 3 
0.174 	 3 
0.174 	 4 
0.174 	 3 
0.174 	 4 
0.174 	 2 
0.174 	 1 
0.174 	 0 
0.175 	 9 
0.175 	 2 
0.175 	 3 
0.175 	 8 
0.175 	 4 
0.175 	 6 
0.175 	 7 
0.175 	 3 
0.175 	 2 
0.175 	 3 
0.176 	 4 
0.176 	 2 
0.176 	 0 
0.176 	 2 
0.176 	 1 
0.176 	 1 
0.176 	 2 
0.176 	 1 
0.176 	 4 
0.176 	 2 
0.177 	 2 
0.177 	 2 
0.177 	 3 
0.177 	 4 
0.177 	 1 
0.177 	 2 
0.177 	 1 
0.177 	 3 
0.177 	 1 
0.177 	 3 
0.178 	 2 
0.178 	 1 
0.178 	 1 
0.178 	 1 
0.178 	 6 
0.178 	 1 
0.178 	 2 
0.178 	 2 
0.178 	 2 
0.178 	 2 
0.179 	 2 
0.179 	 1 
0.179 	 2 
0.179 	 3 
0.179 	 1 
0.179 	 2 
0.179 	 1 
0.179 	 2 
0.179 	 2 
0.179 	 1 
0.180 	 0 
0.180 	 4 
0.180 	 3 
0.180 	 6 
0.180 	 4 
0.180 	 6 
0.180 	 6 
0.180 	 6 
0.180 	 2 
0.180 	 3 
0.181 	 2 
0.181 	 3 
0.181 	 2 
0.181 	 1 
0.181 	 3 
0.181 	 4 
0.181 	 2 
0.181 	 2 
0.181 	 4 
0.181 	 1 
0.182 	 0 
0.182 	 4 
0.182 	 3 
0.182 	 2 
0.182 	 1 
0.182 	 2 
0.182 	 3 
0.182 	 2 
0.182 	 7 
0.182 	 3 
0.183 	 4 
0.183 	 0 
0.183 	 3 
0.183 	 2 
0.183 	 2 
0.183 	 1 
0.183 	 3 
0.183 	 4 
0.183 	 1 
0.183 	 1 
0.184 	 2 
0.184 	 8 
0.184 	 3 
0.184 	 1 
0.184 	 4 
0.184 	 3 
0.184 	 2 
0.184 	 3 
0.184 	 2 
0.184 	 1 
0.185 	 1 
0.185 	 6 
0.185 	 2 
0.185 	 6 
0.185 	 4 
0.185 	 2 
0.185 	 2 
0.185 	 1 
0.185 	 3 
0.185 	 2 
0.186 	 2 
0.186 	 1 
0.186 	 2 
0.186 	 1 
0.186 	 3 
0.186 	 3 
0.186 	 1 
0.186 	 2 
0.186 	 3 
0.186 	 1 
0.187 	 5 
0.187 	 2 
0.187 	 2 
0.187 	 2 
0.187 	 3 
0.187 	 0 
0.187 	 1 
0.187 	 1 
0.187 	 2 
0.187 	 2 
0.188 	 4 
0.188 	 5 
0.188 	 2 
0.188 	 2 
0.188 	 3 
0.188 	 2 
0.188 	 1 
0.188 	 3 
0.188 	 1 
0.188 	 1 
0.189 	 5 
0.189 	 8 
0.189 	 1 
0.189 	 0 
0.189 	 1 
0.189 	 4 
0.189 	 1 
0.189 	 3 
0.189 	 5 
0.189 	 8 
0.190 	 2 
0.190 	 3 
0.190 	 1 
0.190 	 0 
0.190 	 1 
0.190 	 0 
0.190 	 1 
0.190 	 1 
0.190 	 4 
0.190 	 2 
0.191 	 3 
0.191 	 1 
0.191 	 2 
0.191 	 3 
0.191 	 1 
0.191 	 5 
0.191 	 3 
0.191 	 1 
0.191 	 2 
0.191 	 3 
0.192 	 2 
0.192 	 2 
0.192 	 3 
0.192 	 2 
0.192 	 3 
0.192 	 2 
0.192 	 3 
0.192 	 3 
0.192 	 4 
0.192 	 0 
0.193 	 3 
0.193 	 2 
0.193 	 1 
0.193 	 2 
0.193 	 2 
0.193 	 5 
0.193 	 4 
0.193 	 1 
0.193 	 1 
0.193 	 4 
0.194 	 1 
0.194 	 7 
0.194 	 4 
0.194 	 7 
0.194 	 1 
0.194 	 2 
0.194 	 2 
0.194 	 1 
0.194 	 3 
0.194 	 1 
0.195 	 1 
0.195 	 1 
0.195 	 5 
0.195 	 2 
0.195 	 4 
0.195 	 3 
0.195 	 0 
0.195 	 3 
0.195 	 2 
0.195 	 0 
0.196 	 3 
0.196 	 5 
0.196 	 4 
0.196 	 6 
0.196 	 6 
0.196 	 2 
0.196 	 4 
0.196 	 4 
0.196 	 4 
0.196 	 1 
0.197 	 4 
0.197 	 1 
0.197 	 1 
0.197 	 5 
0.197 	 1 
0.197 	 1 
0.197 	 3 
0.197 	 3 
0.197 	 1 
0.197 	 1 
0.198 	 1 
0.198 	 2 
0.198 	 2 
0.198 	 7 
0.198 	 4 
0.198 	 0 
0.198 	 1 
0.198 	 0 
0.198 	 1 
0.198 	 2 
0.199 	 2 
0.199 	 3 
0.199 	 3 
0.199 	 1 
0.199 	 4 
0.199 	 3 
0.199 	 1 
0.199 	 2 
0.199 	 3 
0.199 	 2 
0.200 	 2 
0.200 	 2 
0.200 	 3 
0.200 	 1 
0.200 	 4 
0.200 	 4 
0.200 	 0 
0.200 	 1 
0.200 	 4 
0.200 	 0 
0.201 	 3 
0.201 	 3 
0.201 	 3 
0.201 	 1 
0.201 	 2 
0.201 	 3 
0.201 	 2 
0.201 	 4 
0.201 	 3 
0.201 	 1 
0.202 	 2 
0.202 	 4 
0.202 	 3 
0.202 	 4 
0.202 	 4 
0.202 	 4 
0.202 	 3 
0.202 	 1 
0.202 	 1 
0.202 	 1 
0.203 	 0 
0.203 	 3 
0.203 	 4 
0.203 	 3 
0.203 	 3 
0.203 	 0 
0.203 	 0 
0.203 	 4 
0.203 	 1 
0.203 	 1 
0.204 	 3 
0.204 	 3 
0.204 	 0 
0.204 	 5 
0.204 	 2 
0.204 	 2 
0.204 	 9 
0.204 	 4 
0.204 	 2 
0.204 	 4 
0.205 	 1 
0.205 	 1 
0.205 	 0 
0.205 	 3 
0.205 	 2 
0.205 	 4 
0.205 	 1 
0.205 	 1 
0.205 	 5 
0.205 	 4 
0.206 	 2 
0.206 	 2 
0.206 	 5 
0.206 	 2 
0.206 	 2 
0.206 	 5 
0.206 	 3 
0.206 	 0 
0.206 	 4 
0.206 	 5 
0.207 	 3 
0.207 	 3 
0.207 	 1 
0.207 	 2 
0.207 	 3 
0.207 	 2 
0.207 	 1 
0.207 	 1 
0.207 	 3 
0.207 	 1 
0.208 	 2 
0.208 	 2 
0.208 	 3 
0.208 	 4 
0.208 	 5 
0.208 	 2 
0.208 	 2 
0.208 	 1 
0.208 	 1 
0.208 	 5 
0.209 	 0 
0.209 	 4 
0.209 	 3 
0.209 	 0 
0.209 	 2 
0.209 	 4 
0.209 	 4 
0.209 	 3 
0.209 	 5 
0.209 	 4 
0.210 	 3 
0.210 	 1 
0.210 	 1 
0.210 	 1 
0.210 	 0 
0.210 	 3 
0.210 	 1 
0.210 	 6 
0.210 	 2 
0.210 	 2 
0.211 	 2 
0.211 	 3 
0.211 	 3 
0.211 	 2 
0.211 	 4 
0.211 	 5 
0.211 	 4 
0.211 	 3 
0.211 	 6 
0.211 	 9 
0.212 	 1 
0.212 	 1 
0.212 	 1 
0.212 	 2 
0.212 	 2 
0.212 	 0 
0.212 	 1 
0.212 	 5 
0.212 	 3 
0.212 	 3 
0.213 	 1 
0.213 	 5 
0.213 	 1 
0.213 	 1 
0.213 	 2 
0.213 	 3 
0.213 	 2 
0.213 	 2 
0.213 	 4 
0.213 	 1 
0.214 	 2 
0.214 	 1 
0.214 	 5 
0.214 	 3 
0.214 	 2 
0.214 	 0 
0.214 	 0 
0.214 	 5 
0.214 	 1 
0.214 	 3 
0.215 	 4 
0.215 	 3 
0.215 	 0 
0.215 	 2 
0.215 	 6 
0.215 	 3 
0.215 	 0 
0.215 	 3 
0.215 	 4 
0.215 	 1 
0.216 	 3 
0.216 	 4 
0.216 	 2 
0.216 	 3 
0.216 	 5 
0.216 	 3 
0.216 	 2 
0.216 	 6 
0.216 	 0 
0.216 	 1 
0.217 	 2 
0.217 	 2 
0.217 	 7 
0.217 	 5 
0.217 	 2 
0.217 	 2 
0.217 	 1 
0.217 	 1 
0.217 	 3 
0.217 	 2 
0.218 	 1 
0.218 	 4 
0.218 	 1 
0.218 	 0 
0.218 	 1 
0.218 	 1 
0.218 	 3 
0.218 	 3 
0.218 	 1 
0.218 	 2 
0.219 	 3 
0.219 	 0 
0.219 	 1 
0.219 	 3 
0.219 	 4 
0.219 	 2 
0.219 	 5 
0.219 	 0 
0.219 	 3 
0.219 	 2 
0.220 	 1 
0.220 	 0 
0.220 	 4 
0.220 	 2 
0.220 	 2 
0.220 	 0 
0.220 	 1 
0.220 	 4 
0.220 	 2 
0.220 	 4 
0.221 	 1 
0.221 	 3 
0.221 	 1 
0.221 	 4 
0.221 	 4 
0.221 	 2 
0.221 	 1 
0.221 	 4 
0.221 	 2 
0.221 	 2 
0.222 	 0 
0.222 	 6 
0.222 	 1 
0.222 	 5 
0.222 	 3 
0.222 	 2 
0.222 	 4 
0.222 	 5 
0.222 	 2 
0.222 	 4 
0.223 	 4 
0.223 	 3 
0.223 	 2 
0.223 	 3 
0.223 	 0 
0.223 	 1 
0.223 	 2 
0.223 	 3 
0.223 	 3 
0.223 	 3 
0.224 	 3 
0.224 	 1 
0.224 	 4 
0.224 	 2 
0.224 	 1 
0.224 	 1 
0.224 	 5 
0.224 	 0 
0.224 	 7 
0.224 	 3 
0.225 	 1 
0.225 	 2 
0.225 	 4 
0.225 	 4 
0.225 	 1 
0.225 	 1 
0.225 	 2 
0.225 	 1 
0.225 	 3 
0.225 	 2 
0.226 	 5 
0.226 	 2 
0.226 	 4 
0.226 	 1 
0.226 	 4 
0.226 	 4 
0.226 	 6 
0.226 	 8 
0.226 	 4 
0.226 	 3 
0.227 	 3 
0.227 	 3 
0.227 	 0 
0.227 	 4 
0.227 	 2 
0.227 	 3 
0.227 	 1 
0.227 	 1 
0.227 	 2 
0.227 	 4 
0.228 	 5 
0.228 	 3 
0.228 	 0 
0.228 	 3 
0.228 	 2 
0.228 	 2 
0.228 	 1 
0.228 	 4 
0.228 	 4 
0.228 	 1 
0.229 	 1 
0.229 	 5 
0.229 	 2 
0.229 	 1 
0.229 	 5 
0.229 	 4 
0.229 	 2 
0.229 	 3 
0.229 	 0 
0.229 	 3 
0.230 	 3 
0.230 	 1 
0.230 	 0 
0.230 	 3 
0.230 	 0 
0.230 	 0 
0.230 	 2 
0.230 	 1 
0.230 	 3 
0.230 	 1 
0.231 	 2 
0.231 	 2 
0.231 	 1 
0.231 	 2 
0.231 	 2 
0.231 	 2 
0.231 	 3 
0.231 	 1 
0.231 	 3 
0.231 	 3 
0.232 	 2 
0.232 	 3 
0.232 	 0 
0.232 	 4 
0.232 	 1 
0.232 	 2 
0.232 	 0 
0.232 	 4 
0.232 	 3 
0.232 	 1 
0.233 	 2 
0.233 	 2 
0.233 	 5 
0.233 	 2 
0.233 	 0 
0.233 	 4 
0.233 	 2 
0.233 	 3 
0.233 	 3 
0.233 	 4 
0.234 	 5 
0.234 	 1 
0.234 	 3 
0.234 	 2 
0.234 	 6 
0.234 	 1 
0.234 	 0 
0.234 	 2 
0.234 	 2 
0.234 	 0 
0.235 	 0 
0.235 	 0 
0.235 	 3 
0.235 	 2 
0.235 	 2 
0.235 	 4 
0.235 	 1 
0.235 	 1 
0.235 	 2 
0.235 	 2 
0.236 	 2 
0.236 	 2 
0.236 	 2 
0.236 	 4 
0.236 	 2 
0.236 	 1 
0.236 	 2 
0.236 	 3 
0.236 	 3 
0.236 	 1 
0.237 	 0 
0.237 	 3 
0.237 	 3 
0.237 	 2 
0.237 	 1 
0.237 	 3 
0.237 	 1 
0.237 	 4 
0.237 	 0 
0.237 	 3 
0.238 	 3 
0.238 	 2 
0.238 	 2 
0.238 	 1 
0.238 	 3 
0.238 	 3 
0.238 	 2 
0.238 	 3 
0.238 	 7 
0.238 	 5 
0.239 	 4 
0.239 	 4 
0.239 	 1 
0.239 	 2 
0.239 	 1 
0.239 	 2 
0.239 	 1 
0.239 	 0 
0.239 	 1 
0.239 	 2 
0.240 	 0 
0.240 	 2 
0.240 	 2 
0.240 	 1 
0.240 	 1 
0.240 	 1 
0.240 	 2 
0.240 	 6 
0.240 	 1 
0.240 	 2 
0.241 	 2 
0.241 	 4 
0.241 	 8 
0.241 	 6 
0.241 	 7 
0.241 	 3 
0.241 	 1 
0.241 	 4 
0.241 	 1 
0.241 	 2 
0.242 	 1 
0.242 	 3 
0.242 	 2 
0.242 	 4 
0.242 	 2 
0.242 	 2 
0.242 	 1 
0.242 	 0 
0.242 	 4 
0.242 	 2 
0.243 	 2 
0.243 	 2 
0.243 	 3 
0.243 	 3 
0.243 	 3 
0.243 	 6 
0.243 	 7 
0.243 	 2 
0.243 	 4 
0.243 	 2 
0.244 	 1 
0.244 	 0 
0.244 	 2 
0.244 	 2 
0.244 	 1 
0.244 	 2 
0.244 	 3 
0.244 	 1 
0.244 	 1 
0.244 	 1 
0.245 	 2 
0.245 	 3 
0.245 	 1 
0.245 	 1 
0.245 	 4 
0.245 	 4 
0.245 	 1 
0.245 	 2 
0.245 	 3 
0.245 	 1 
0.246 	 3 
0.246 	 6 
0.246 	 1 
0.246 	 3 
0.246 	 0 
0.246 	 3 
0.246 	 0 
0.246 	 2 
0.246 	 3 
0.246 	 1 
0.247 	 0 
0.247 	 2 
0.247 	 3 
0.247 	 2 
0.247 	 3 
0.247 	 5 
0.247 	 1 
0.247 	 4 
0.247 	 9 
0.247 	 3 
0.248 	 6 
0.248 	 1 
0.248 	 0 
0.248 	 4 
0.248 	 1 
0.248 	 0 
0.248 	 0 
0.248 	 4 
0.248 	 1 
0.248 	 0 
0.249 	 1 
0.249 	 1 
0.249 	 3 
0.249 	 1 
0.249 	 3 
0.249 	 0 
0.249 	 1 
0.249 	 2 
0.249 	 2 
0.249 	 2 
0.250 	 4 
0.250 	 4 
0.250 	 0 
0.250 	 2 
0.250 	 1 
0.250 	 1 
0.250 	 1 
0.250 	 2 
0.250 	 3 
0.250 	 0 
0.250 	 2 
0.251 	 2 
0.251 	 1 
0.251 	 4 
0.251 	 1 
0.251 	 2 
0.251 	 0 
0.251 	 1 
0.251 	 5 
0.251 	 0 
0.251 	 3 
0.252 	 4 
0.252 	 3 
0.252 	 2 
0.252 	 2 
0.252 	 1 
0.252 	 2 
0.252 	 2 
0.252 	 0 
0.252 	 2 
0.252 	 1 
0.253 	 2 
0.253 	 0 
0.253 	 4 
0.253 	 2 
0.253 	 1 
0.253 	 2 
0.253 	 2 
0.253 	 0 
0.253 	 2 
0.253 	 2 
0.254 	 2 
0.254 	 2 
0.254 	 4 
0.254 	 1 
0.254 	 0 
0.254 	 5 
0.254 	 3 
0.254 	 3 
0.254 	 2 
0.254 	 2 
0.255 	 3 
0.255 	 2 
0.255 	 4 
0.255 	 4 
0.255 	 3 
0.255 	 6 
0.255 	 3 
0.255 	 2 
0.255 	 1 
0.255 	 1 
0.256 	 3 
0.256 	 3 
0.256 	 1 
0.256 	 3 
0.256 	 1 
0.256 	 2 
0.256 	 1 
0.256 	 1 
0.256 	 0 
0.256 	 2 
0.257 	 1 
0.257 	 1 
0.257 	 0 
0.257 	 2 
0.257 	 1 
0.257 	 0 
0.257 	 0 
0.257 	 2 
0.257 	 2 
0.257 	 2 
0.258 	 3 
0.258 	 4 
0.258 	 1 
0.258 	 0 
0.258 	 1 
0.258 	 1 
0.258 	 0 
0.258 	 0 
0.258 	 1 
0.258 	 1 
0.259 	 2 
0.259 	 2 
0.259 	 0 
0.259 	 0 
0.259 	 1 
0.259 	 2 
0.259 	 0 
0.259 	 3 
0.259 	 2 
0.259 	 3 
0.260 	 2 
0.260 	 2 
0.260 	 0 
0.260 	 1 
0.260 	 2 
0.260 	 1 
0.260 	 1 
0.260 	 0 
0.260 	 0 
0.260 	 0 
0.261 	 0 
0.261 	 2 
0.261 	 0 
0.261 	 1 
0.261 	 0 
0.261 	 1 
0.261 	 1 
0.261 	 2 
0.261 	 2 
0.261 	 1 
0.262 	 0 
0.262 	 1 
0.262 	 0 
0.262 	 0 
0.262 	 0 
0.262 	 1 
0.262 	 0 
0.262 	 0 
0.262 	 0 
0.262 	 0 
0.263 	 1 
0.263 	 0 
0.263 	 1 
0.263 	 0 
0.263 	 2 
0.263 	 1 
0.263 	 3 
0.263 	 1 
0.263 	 2 
0.263 	 1 
0.264 	 0 
0.264 	 1 
0.264 	 1 
0.264 	 0 
0.264 	 1 
0.264 	 0 
0.264 	 0 
0.264 	 1 
0.264 	 1 
0.264 	 0 
0.265 	 0 
0.265 	 0 
0.265 	 0 
0.265 	 2 
0.265 	 3 
0.265 	 0 
0.265 	 2 
0.265 	 2 
0.265 	 0 
0.265 	 0 
0.266 	 0 
0.266 	 0 
0.266 	 1 
0.266 	 0 
0.266 	 0 
0.266 	 1 
0.266 	 1 
0.266 	 1 
0.266 	 0 
0.266 	 0 
0.267 	 0 
0.267 	 1 
0.267 	 2 
0.267 	 0 
0.267 	 1 
0.267 	 1 
0.267 	 0 
0.267 	 1 
0.267 	 0 
0.267 	 1 
0.268 	 1 
0.268 	 0 
0.268 	 0 
0.268 	 0 
0.268 	 2 
0.268 	 0 
0.268 	 0 
0.268 	 1 
0.268 	 1 
0.268 	 4 
0.269 	 2 
0.269 	 4 
0.269 	 3 
0.269 	 3 
0.269 	 3 
0.269 	 3 
0.269 	 1 
0.269 	 1 
0.269 	 0 
0.269 	 0 
0.270 	 0 
0.270 	 1 
0.270 	 1 
0.270 	 1 
0.270 	 0 
0.270 	 0 
0.270 	 0 
0.270 	 1 
0.270 	 0 
0.270 	 2 
0.271 	 3 
0.271 	 1 
0.271 	 0 
0.271 	 1 
0.271 	 1 
0.271 	 1 
0.271 	 0 
0.271 	 0 
0.271 	 1 
0.271 	 2 
0.272 	 3 
0.272 	 0 
0.272 	 0 
0.272 	 0 
0.272 	 0 
0.272 	 0 
0.272 	 0 
0.272 	 1 
0.272 	 0 
0.272 	 3 
0.273 	 0 
0.273 	 0 
0.273 	 0 
0.273 	 1 
0.273 	 1 
0.273 	 0 
0.273 	 0 
0.273 	 0 
0.273 	 0 
0.273 	 1 
0.274 	 0 
0.274 	 0 
0.274 	 0 
0.274 	 0 
0.274 	 1 
0.274 	 0 
0.274 	 0 
0.274 	 0 
0.274 	 1 
0.274 	 2 
0.275 	 0 
0.275 	 0 
0.275 	 0 
0.275 	 0 
0.275 	 0 
0.275 	 0 
0.275 	 0 
0.275 	 0 
0.275 	 1 
0.275 	 0 
0.276 	 0 
0.276 	 1 
0.276 	 1 
0.276 	 0 
0.276 	 1 
0.276 	 0 
0.276 	 0 
0.276 	 0 
0.276 	 2 
0.276 	 1 
0.277 	 0 
0.277 	 0 
0.277 	 0 
0.277 	 0 
0.277 	 0 
0.277 	 0 
0.277 	 0 
0.277 	 2 
0.277 	 0 
0.277 	 1 
0.278 	 1 
0.278 	 2 
0.278 	 0 
0.278 	 0 
0.278 	 2 
0.278 	 0 
0.278 	 0 
0.278 	 0 
0.278 	 2 
0.278 	 0 
0.279 	 0 
0.279 	 0 
0.279 	 0 
0.279 	 0 
0.279 	 0 
0.279 	 1 
0.279 	 1 
0.279 	 0 
0.279 	 1 
0.279 	 0 
0.280 	 0 
0.280 	 0 
0.280 	 0 
0.280 	 1 
0.280 	 1 
0.280 	 0 
0.280 	 0 
0.280 	 1 
0.280 	 1 
0.280 	 0 
0.281 	 0 
0.281 	 0 
0.281 	 2 
0.281 	 0 
0.281 	 1 
0.281 	 0 
0.281 	 1 
0.281 	 1 
0.281 	 0 
0.281 	 1 
0.282 	 2 
0.282 	 1 
0.282 	 0 
0.282 	 1 
0.282 	 2 
0.282 	 3 
0.282 	 4 
0.282 	 3 
0.282 	 5 
0.282 	 1 
0.283 	 1 
0.283 	 1 
0.283 	 1 
0.283 	 0 
0.283 	 0 
0.283 	 2 
0.283 	 1 
0.283 	 0 
0.283 	 0 
0.283 	 0 
0.284 	 1 
0.284 	 0 
0.284 	 0 
0.284 	 1 
0.284 	 0 
0.284 	 0 
0.284 	 1 
0.284 	 0 
0.284 	 1 
0.284 	 0 
0.285 	 0 
0.285 	 0 
0.285 	 0 
0.285 	 0 
0.285 	 0 
0.285 	 2 
0.285 	 0 
0.285 	 0 
0.285 	 0 
0.285 	 1 
0.286 	 1 
0.286 	 0 
0.286 	 0 
0.286 	 0 
0.286 	 0 
0.286 	 0 
0.286 	 1 
0.286 	 1 
0.286 	 1 
0.286 	 0 
0.287 	 0 
0.287 	 1 
0.287 	 0 
0.287 	 1 
0.287 	 1 
0.287 	 1 
0.287 	 0 
0.287 	 0 
0.287 	 0 
0.287 	 0 
0.288 	 1 
0.288 	 0 
0.288 	 1 
0.288 	 0 
0.288 	 1 
0.288 	 0 
0.288 	 2 
0.288 	 2 
0.288 	 0 
0.288 	 1 
0.289 	 1 
0.289 	 0 
0.289 	 0 
0.289 	 1 
0.289 	 0 
0.289 	 2 
0.289 	 1 
0.289 	 1 
0.289 	 0 
0.289 	 0 
0.290 	 0 
0.290 	 1 
0.290 	 0 
0.290 	 0 
0.290 	 0 
0.290 	 1 
0.290 	 0 
0.290 	 0 
0.290 	 0 
0.290 	 2 
0.291 	 0 
0.291 	 1 
0.291 	 0 
0.291 	 2 
0.291 	 0 
0.291 	 0 
0.291 	 1 
0.291 	 0 
0.291 	 1 
0.291 	 0 
0.292 	 1 
0.292 	 0 
0.292 	 0 
0.292 	 0 
0.292 	 0 
0.292 	 2 
0.292 	 0 
0.292 	 0 
0.292 	 0 
0.292 	 0 
0.293 	 1 
0.293 	 0 
0.293 	 0 
0.293 	 1 
0.293 	 2 
0.293 	 1 
0.293 	 2 
0.293 	 0 
0.293 	 0 
0.293 	 0 
0.294 	 0 
0.294 	 0 
0.294 	 0 
0.294 	 0 
0.294 	 1 
0.294 	 1 
0.294 	 0 
0.294 	 1 
0.294 	 2 
0.294 	 1 
0.295 	 0 
0.295 	 1 
0.295 	 1 
0.295 	 1 
0.295 	 4 
0.295 	 3 
0.295 	 3 
0.295 	 3 
0.295 	 3 
0.295 	 2 
0.296 	 1 
0.296 	 1 
0.296 	 1 
0.296 	 1 
0.296 	 0 
0.296 	 0 
0.296 	 0 
0.296 	 2 
0.296 	 0 
0.296 	 1 
0.297 	 1 
0.297 	 2 
0.297 	 2 
0.297 	 3 
0.297 	 0 
0.297 	 1 
0.297 	 0 
0.297 	 0 
0.297 	 1 
0.297 	 0 
0.298 	 0 
0.298 	 0 
0.298 	 2 
0.298 	 0 
0.298 	 0 
0.298 	 0 
0.298 	 1 
0.298 	 0 
0.298 	 0 
0.298 	 0 
0.299 	 0 
0.299 	 0 
0.299 	 0 
0.299 	 2 
0.299 	 0 
0.299 	 0 
0.299 	 0 
0.299 	 0 
0.299 	 1 
0.299 	 1 
0.300 	 0 
0.300 	 2 
0.300 	 4 
0.300 	 0 
0.300 	 0 
0.300 	 0 
0.300 	 0 
0.300 	 1 
0.300 	 0 
0.300 	 0 
0.301 	 0 
0.301 	 1 
0.301 	 0 
0.301 	 0 
0.301 	 2 
0.301 	 0 
0.301 	 0 
0.301 	 1 
0.301 	 0 
0.301 	 3 
0.302 	 3 
0.302 	 1 
0.302 	 0 
0.302 	 0 
0.302 	 0 
0.302 	 0 
0.302 	 0 
0.302 	 0 
0.302 	 0 
0.302 	 0 
0.303 	 0 
0.303 	 0 
0.303 	 0 
0.303 	 0 
0.303 	 0 
0.303 	 2 
0.303 	 0 
0.303 	 0 
0.303 	 1 
0.303 	 0 
0.304 	 1 
0.304 	 2 
0.304 	 2 
0.304 	 0 
0.304 	 0 
0.304 	 0 
0.304 	 0 
0.304 	 1 
0.304 	 1 
0.304 	 1 
0.305 	 0 
0.305 	 0 
0.305 	 0 
0.305 	 0 
0.305 	 0 
0.305 	 0 
0.305 	 3 
0.305 	 0 
0.305 	 0 
0.305 	 0 
0.306 	 0 
0.306 	 1 
0.306 	 0 
0.306 	 1 
0.306 	 0 
0.306 	 0 
0.306 	 0 
0.306 	 0 
0.306 	 0 
0.306 	 0 
0.307 	 0 
0.307 	 0 
0.307 	 1 
0.307 	 1 
0.307 	 0 
0.307 	 0 
0.307 	 0 
0.307 	 2 
0.307 	 2 
0.307 	 0 
0.308 	 2 
0.308 	 3 
0.308 	 3 
0.308 	 2 
0.308 	 4 
0.308 	 3 
0.308 	 0 
0.308 	 1 
0.308 	 1 
0.308 	 0 
0.309 	 1 
0.309 	 1 
0.309 	 0 
0.309 	 0 
0.309 	 0 
0.309 	 0 
0.309 	 0 
0.309 	 0 
0.309 	 2 
0.309 	 1 
0.310 	 0 
0.310 	 0 
0.310 	 2 
0.310 	 0 
0.310 	 0 
0.310 	 1 
0.310 	 2 
0.310 	 1 
0.310 	 0 
0.310 	 0 
0.311 	 0 
0.311 	 0 
0.311 	 0 
0.311 	 0 
0.311 	 0 
0.311 	 0 
0.311 	 0 
0.311 	 0 
0.311 	 0 
0.311 	 1 
0.312 	 1 
0.312 	 1 
0.312 	 0 
0.312 	 2 
0.312 	 0 
0.312 	 0 
0.312 	 0 
0.312 	 1 
0.312 	 2 
0.312 	 1 
0.313 	 0 
0.313 	 0 
0.313 	 0 
0.313 	 0 
0.313 	 0 
0.313 	 0 
0.313 	 0 
0.313 	 0 
0.313 	 1 
0.313 	 0 
0.314 	 2 
0.314 	 1 
0.314 	 0 
0.314 	 0 
0.314 	 1 
0.314 	 0 
0.314 	 0 
0.314 	 0 
0.314 	 1 
0.314 	 2 
0.315 	 1 
0.315 	 0 
0.315 	 1 
0.315 	 1 
0.315 	 0 
0.315 	 1 
0.315 	 0 
0.315 	 0 
0.315 	 1 
0.315 	 0 
0.316 	 1 
0.316 	 1 
0.316 	 1 
0.316 	 3 
0.316 	 0 
0.316 	 1 
0.316 	 1 
0.316 	 0 
0.316 	 0 
0.316 	 0 
0.317 	 0 
0.317 	 1 
0.317 	 1 
0.317 	 1 
0.317 	 0 
0.317 	 0 
0.317 	 0 
0.317 	 0 
0.317 	 1 
0.317 	 0 
0.318 	 0 
0.318 	 2 
0.318 	 1 
0.318 	 0 
0.318 	 0 
0.318 	 1 
0.318 	 1 
0.318 	 0 
0.318 	 0 
0.318 	 0 
0.319 	 2 
0.319 	 0 
0.319 	 2 
0.319 	 0 
0.319 	 0 
0.319 	 1 
0.319 	 0 
0.319 	 1 
0.319 	 0 
0.319 	 1 
0.320 	 1 
0.320 	 2 
0.320 	 3 
0.320 	 3 
0.320 	 5 
0.320 	 2 
0.320 	 3 
0.320 	 2 
0.320 	 3 
0.320 	 1 
0.321 	 1 
0.321 	 0 
0.321 	 0 
0.321 	 0 
0.321 	 1 
0.321 	 0 
0.321 	 2 
0.321 	 2 
0.321 	 0 
0.321 	 0 
0.322 	 0 
0.322 	 2 
0.322 	 1 
0.322 	 1 
0.322 	 1 
0.322 	 1 
0.322 	 1 
0.322 	 0 
0.322 	 0 
0.322 	 0 
0.323 	 2 
0.323 	 0 
0.323 	 0 
0.323 	 0 
0.323 	 0 
0.323 	 0 
0.323 	 0 
0.323 	 0 
0.323 	 0 
0.323 	 2 
0.324 	 0 
0.324 	 0 
0.324 	 0 
0.324 	 4 
0.324 	 0 
0.324 	 0 
0.324 	 0 
0.324 	 1 
0.324 	 0 
0.324 	 0 
0.325 	 0 
0.325 	 1 
0.325 	 2 
0.325 	 0 
0.325 	 0 
0.325 	 0 
0.325 	 0 
0.325 	 0 
0.325 	 0 
0.325 	 0 
0.326 	 1 
0.326 	 1 
0.326 	 1 
0.326 	 0 
0.326 	 1 
0.326 	 0 
0.326 	 0 
0.326 	 0 
0.326 	 1 
0.326 	 0 
0.327 	 0 
0.327 	 0 
0.327 	 0 
0.327 	 0 
0.327 	 1 
0.327 	 1 
0.327 	 0 
0.327 	 1 
0.327 	 0 
0.327 	 0 
0.328 	 1 
0.328 	 0 
0.328 	 2 
0.328 	 0 
0.328 	 1 
0.328 	 0 
0.328 	 1 
0.328 	 0 
0.328 	 0 
0.328 	 0 
0.329 	 0 
0.329 	 0 
0.329 	 0 
0.329 	 0 
0.329 	 0 
0.329 	 0 
0.329 	 1 
0.329 	 2 
0.329 	 0 
0.329 	 0 
0.330 	 0 
0.330 	 1 
0.330 	 1 
0.330 	 0 
0.330 	 0 
0.330 	 2 
0.330 	 2 
0.330 	 1 
0.330 	 0 
0.330 	 0 
0.331 	 1 
0.331 	 0 
0.331 	 1 
0.331 	 2 
0.331 	 0 
0.331 	 0 
0.331 	 2 
0.331 	 0 
0.331 	 1 
0.331 	 2 
0.332 	 4 
0.332 	 2 
0.332 	 3 
0.332 	 2 
0.332 	 3 
0.332 	 4 
0.332 	 0 
0.332 	 1 
0.332 	 2 
0.332 	 1 
0.333 	 0 
0.333 	 1 
0.333 	 0 
0.333 	 1 
0.333 	 0 
0.333 	 0 
0.333 	 0 
0.333 	 1 
0.333 	 0 
0.333 	 0 
0.333 	 0 
0.334 	 1 
0.334 	 0 
0.334 	 1 
0.334 	 0 
0.334 	 0 
0.334 	 0 
0.334 	 0 
0.334 	 1 
0.334 	 0 
0.334 	 2 
0.335 	 1 
0.335 	 0 
0.335 	 0 
0.335 	 2 
0.335 	 1 
0.335 	 0 
0.335 	 0 
0.335 	 0 
0.335 	 1 
0.335 	 0 
0.336 	 0 
0.336 	 0 
0.336 	 0 
0.336 	 1 
0.336 	 0 
0.336 	 1 
0.336 	 0 
0.336 	 0 
0.336 	 0 
0.336 	 1 
0.337 	 1 
0.337 	 0 
0.337 	 2 
0.337 	 0 
0.337 	 2 
0.337 	 0 
0.337 	 0 
0.337 	 0 
0.337 	 0 
0.337 	 1 
0.338 	 1 
0.338 	 0 
0.338 	 0 
0.338 	 1 
0.338 	 0 
0.338 	 1 
0.338 	 2 
0.338 	 0 
0.338 	 1 
0.338 	 0 
0.339 	 0 
0.339 	 0 
0.339 	 0 
0.339 	 1 
0.339 	 3 
0.339 	 0 
0.339 	 1 
0.339 	 0 
0.339 	 0 
0.339 	 0 
0.340 	 1 
0.340 	 0 
0.340 	 0 
0.340 	 0 
0.340 	 0 
0.340 	 0 
0.340 	 1 
0.340 	 0 
0.340 	 0 
0.340 	 1 
0.341 	 0 
0.341 	 1 
0.341 	 1 
0.341 	 0 
0.341 	 1 
0.341 	 1 
0.341 	 0 
0.341 	 3 
0.341 	 0 
0.341 	 0 
0.342 	 0 
0.342 	 0 
0.342 	 0 
0.342 	 0 
0.342 	 1 
0.342 	 0 
0.342 	 2 
0.342 	 1 
0.342 	 1 
0.342 	 3 
0.343 	 0 
0.343 	 1 
0.343 	 1 
0.343 	 2 
0.343 	 1 
0.343 	 4 
0.343 	 2 
0.343 	 6 
0.343 	 1 
0.343 	 3 
0.344 	 2 
0.344 	 2 
0.344 	 0 
0.344 	 0 
0.344 	 1 
0.344 	 0 
0.344 	 0 
0.344 	 1 
0.344 	 0 
0.344 	 0 
0.345 	 0 
0.345 	 0 
0.345 	 1 
0.345 	 1 
0.345 	 2 
0.345 	 2 
0.345 	 0 
0.345 	 0 
0.345 	 2 
0.345 	 0 
0.346 	 1 
0.346 	 2 
0.346 	 1 
0.346 	 0 
0.346 	 0 
0.346 	 2 
0.346 	 1 
0.346 	 0 
0.346 	 1 
0.346 	 1 
0.347 	 0 
0.347 	 0 
0.347 	 0 
0.347 	 0 
0.347 	 0 
0.347 	 0 
0.347 	 1 
0.347 	 1 
0.347 	 0 
0.347 	 2 
0.348 	 0 
0.348 	 1 
0.348 	 0 
0.348 	 1 
0.348 	 0 
0.348 	 1 
0.348 	 0 
0.348 	 0 
0.348 	 1 
0.348 	 0 
0.349 	 1 
0.349 	 0 
0.349 	 0 
0.349 	 0 
0.349 	 0 
0.349 	 0 
0.349 	 0 
0.349 	 1 
0.349 	 0 
0.349 	 1 
0.350 	 0 
0.350 	 0 
0.350 	 1 
0.350 	 0 
0.350 	 1 
0.350 	 1 
0.350 	 2 
0.350 	 0 
0.350 	 1 
0.350 	 0 
0.351 	 0 
0.351 	 0 
0.351 	 0 
0.351 	 0 
0.351 	 0 
0.351 	 0 
0.351 	 0 
0.351 	 1 
0.351 	 0 
0.351 	 3 
0.352 	 0 
0.352 	 0 
0.352 	 0 
0.352 	 0 
0.352 	 0 
0.352 	 0 
0.352 	 1 
0.352 	 1 
0.352 	 1 
0.352 	 0 
0.353 	 0 
0.353 	 0 
0.353 	 2 
0.353 	 1 
0.353 	 0 
0.353 	 0 
0.353 	 2 
0.353 	 1 
0.353 	 1 
0.353 	 1 
0.354 	 2 
0.354 	 1 
0.354 	 2 
0.354 	 2 
0.354 	 1 
0.354 	 3 
0.354 	 3 
0.354 	 1 
0.354 	 1 
0.354 	 5 
0.355 	 3 
0.355 	 3 
0.355 	 0 
0.355 	 0 
0.355 	 0 
0.355 	 1 
0.355 	 0 
0.355 	 1 
0.355 	 1 
0.355 	 0 
0.356 	 0 
0.356 	 0 
0.356 	 1 
0.356 	 0 
0.356 	 0 
0.356 	 0 
0.356 	 0 
0.356 	 0 
0.356 	 0 
0.356 	 0 
0.357 	 0 
0.357 	 0 
0.357 	 0 
0.357 	 3 
0.357 	 0 
0.357 	 2 
0.357 	 0 
0.357 	 2 
0.357 	 1 
0.357 	 0 
0.358 	 0 
0.358 	 0 
0.358 	 0 
0.358 	 0 
0.358 	 1 
0.358 	 1 
0.358 	 0 
0.358 	 0 
0.358 	 0 
0.358 	 0 
0.359 	 0 
0.359 	 0 
0.359 	 2 
0.359 	 0 
0.359 	 0 
0.359 	 0 
0.359 	 3 
0.359 	 1 
0.359 	 0 
0.359 	 0 
0.360 	 0 
0.360 	 0 
0.360 	 1 
0.360 	 1 
0.360 	 0 
0.360 	 0 
0.360 	 1 
0.360 	 0 
0.360 	 0 
0.360 	 1 
0.361 	 0 
0.361 	 0 
0.361 	 0 
0.361 	 1 
0.361 	 1 
0.361 	 0 
0.361 	 0 
0.361 	 0 
0.361 	 1 
0.361 	 0 
0.362 	 2 
0.362 	 1 
0.362 	 0 
0.362 	 0 
0.362 	 1 
0.362 	 0 
0.362 	 1 
0.362 	 0 
0.362 	 1 
0.362 	 1 
0.363 	 1 
0.363 	 0 
0.363 	 1 
0.363 	 0 
0.363 	 0 
0.363 	 1 
0.363 	 0 
0.363 	 0 
0.363 	 2 
0.363 	 1 
0.364 	 1 
0.364 	 0 
0.364 	 0 
0.364 	 1 
0.364 	 1 
0.364 	 0 
0.364 	 0 
0.364 	 1 
0.364 	 1 
0.364 	 3 
0.365 	 3 
0.365 	 6 
0.365 	 1 
0.365 	 1 
0.365 	 3 
0.365 	 11 
0.365 	 2 
0.365 	 0 
0.365 	 0 
0.365 	 0 
0.366 	 0 
0.366 	 0 
0.366 	 2 
0.366 	 2 
0.366 	 0 
0.366 	 0 
0.366 	 1 
0.366 	 0 
0.366 	 2 
0.366 	 1 
0.367 	 1 
0.367 	 0 
0.367 	 1 
0.367 	 0 
0.367 	 2 
0.367 	 0 
0.367 	 2 
0.367 	 0 
0.367 	 0 
0.367 	 1 
0.368 	 1 
0.368 	 0 
0.368 	 0 
0.368 	 1 
0.368 	 1 
0.368 	 1 
0.368 	 2 
0.368 	 0 
0.368 	 2 
0.368 	 0 
0.369 	 1 
0.369 	 1 
0.369 	 0 
0.369 	 0 
0.369 	 0 
0.369 	 0 
0.369 	 1 
0.369 	 2 
0.369 	 1 
0.369 	 1 
0.370 	 0 
0.370 	 0 
0.370 	 0 
0.370 	 0 
0.370 	 2 
0.370 	 0 
0.370 	 0 
0.370 	 0 
0.370 	 0 
0.370 	 0 
0.371 	 0 
0.371 	 1 
0.371 	 0 
0.371 	 2 
0.371 	 0 
0.371 	 1 
0.371 	 0 
0.371 	 0 
0.371 	 1 
0.371 	 0 
0.372 	 2 
0.372 	 1 
0.372 	 0 
0.372 	 0 
0.372 	 1 
0.372 	 0 
0.372 	 0 
0.372 	 0 
0.372 	 0 
0.372 	 0 
0.373 	 0 
0.373 	 0 
0.373 	 0 
0.373 	 0 
0.373 	 1 
0.373 	 0 
0.373 	 1 
0.373 	 1 
0.373 	 1 
0.373 	 0 
0.374 	 0 
0.374 	 0 
0.374 	 1 
0.374 	 1 
0.374 	 1 
0.374 	 1 
0.374 	 0 
0.374 	 0 
0.374 	 1 
0.374 	 0 
0.375 	 0 
0.375 	 0 
0.375 	 0 
0.375 	 0 
0.375 	 0 
0.375 	 1 
0.375 	 15 
0.375 	 4 
0.375 	 2 
0.375 	 0 
0.376 	 0 
0.376 	 2 
0.376 	 0 
0.376 	 1 
0.376 	 1 
0.376 	 0 
0.376 	 2 
0.376 	 0 
0.376 	 0 
0.376 	 1 
0.377 	 0 
0.377 	 0 
0.377 	 1 
0.377 	 0 
0.377 	 0 
0.377 	 1 
0.377 	 1 
0.377 	 0 
0.377 	 1 
0.377 	 1 
0.378 	 3 
0.378 	 1 
0.378 	 0 
0.378 	 0 
0.378 	 2 
0.378 	 0 
0.378 	 0 
0.378 	 1 
0.378 	 0 
0.378 	 1 
0.379 	 0 
0.379 	 1 
0.379 	 0 
0.379 	 1 
0.379 	 0 
0.379 	 0 
0.379 	 0 
0.379 	 1 
0.379 	 0 
0.379 	 1 
0.380 	 0 
0.380 	 0 
0.380 	 1 
0.380 	 0 
0.380 	 0 
0.380 	 1 
0.380 	 1 
0.380 	 1 
0.380 	 1 
0.380 	 0 
0.381 	 1 
0.381 	 0 
0.381 	 0 
0.381 	 1 
0.381 	 0 
0.381 	 1 
0.381 	 0 
0.381 	 2 
0.381 	 0 
0.381 	 1 
0.382 	 0 
0.382 	 0 
0.382 	 0 
0.382 	 0 
0.382 	 1 
0.382 	 0 
0.382 	 0 
0.382 	 0 
0.382 	 1 
0.382 	 1 
0.383 	 1 
0.383 	 0 
0.383 	 2 
0.383 	 0 
0.383 	 0 
0.383 	 0 
0.383 	 1 
0.383 	 0 
0.383 	 0 
0.383 	 0 
0.384 	 1 
0.384 	 1 
0.384 	 1 
0.384 	 0 
0.384 	 1 
0.384 	 0 
0.384 	 2 
0.384 	 0 
0.384 	 0 
0.384 	 0 
0.385 	 0 
0.385 	 1 
0.385 	 8 
0.385 	 4 
0.385 	 1 
0.385 	 2 
0.385 	 3 
0.385 	 0 
0.385 	 1 
0.385 	 3 
0.386 	 1 
0.386 	 0 
0.386 	 0 
0.386 	 1 
0.386 	 1 
0.386 	 1 
0.386 	 1 
0.386 	 0 
0.386 	 2 
0.386 	 1 
0.387 	 0 
0.387 	 0 
0.387 	 2 
0.387 	 0 
0.387 	 1 
0.387 	 2 
0.387 	 0 
0.387 	 0 
0.387 	 1 
0.387 	 0 
0.388 	 2 
0.388 	 1 
0.388 	 1 
0.388 	 1 
0.388 	 1 
0.388 	 0 
0.388 	 3 
0.388 	 2 
0.388 	 1 
0.388 	 0 
0.389 	 2 
0.389 	 0 
0.389 	 0 
0.389 	 1 
0.389 	 0 
0.389 	 0 
0.389 	 0 
0.389 	 0 
0.389 	 1 
0.389 	 0 
0.390 	 0 
0.390 	 2 
0.390 	 1 
0.390 	 0 
0.390 	 1 
0.390 	 0 
0.390 	 0 
0.390 	 1 
0.390 	 0 
0.390 	 0 
0.391 	 0 
0.391 	 1 
0.391 	 1 
0.391 	 1 
0.391 	 0 
0.391 	 0 
0.391 	 0 
0.391 	 0 
0.391 	 0 
0.391 	 0 
0.392 	 0 
0.392 	 0 
0.392 	 0 
0.392 	 0 
0.392 	 1 
0.392 	 0 
0.392 	 0 
0.392 	 1 
0.392 	 2 
0.392 	 0 
0.393 	 0 
0.393 	 1 
0.393 	 1 
0.393 	 2 
0.393 	 1 
0.393 	 1 
0.393 	 0 
0.393 	 0 
0.393 	 0 
0.393 	 0 
0.394 	 0 
0.394 	 0 
0.394 	 0 
0.394 	 0 
0.394 	 0 
0.394 	 10 
0.394 	 2 
0.394 	 3 
0.394 	 1 
0.394 	 0 
0.395 	 0 
0.395 	 2 
0.395 	 1 
0.395 	 0 
0.395 	 1 
0.395 	 0 
0.395 	 1 
0.395 	 2 
0.395 	 0 
0.395 	 0 
0.396 	 0 
0.396 	 0 
0.396 	 1 
0.396 	 0 
0.396 	 0 
0.396 	 0 
0.396 	 1 
0.396 	 1 
0.396 	 0 
0.396 	 1 
0.397 	 0 
0.397 	 1 
0.397 	 1 
0.397 	 0 
0.397 	 0 
0.397 	 1 
0.397 	 0 
0.397 	 1 
0.397 	 4 
0.397 	 1 
0.398 	 1 
0.398 	 0 
0.398 	 2 
0.398 	 1 
0.398 	 4 
0.398 	 1 
0.398 	 0 
0.398 	 1 
0.398 	 0 
0.398 	 0 
0.399 	 0 
0.399 	 0 
0.399 	 1 
0.399 	 2 
0.399 	 1 
0.399 	 1 
0.399 	 0 
0.399 	 0 
0.399 	 0 
0.399 	 1 
0.400 	 0 
0.400 	 2 
0.400 	 1 
0.400 	 1 
0.400 	 0 
0.400 	 0 
0.400 	 1 
0.400 	 0 
0.400 	 0 
0.400 	 0 
0.401 	 0 
0.401 	 0 
0.401 	 1 
0.401 	 0 
0.401 	 0 
0.401 	 1 
0.401 	 0 
0.401 	 2 
0.401 	 0 
0.401 	 0 
0.402 	 0 
0.402 	 0 
0.402 	 2 
0.402 	 0 
0.402 	 0 
0.402 	 2 
0.402 	 0 
0.402 	 0 
0.402 	 2 
0.402 	 0 
0.403 	 0 
0.403 	 0 
0.403 	 0 
0.403 	 0 
0.403 	 10 
0.403 	 2 
0.403 	 1 
0.403 	 3 
0.403 	 4 
0.403 	 1 
0.404 	 2 
0.404 	 1 
0.404 	 0 
0.404 	 1 
0.404 	 0 
0.404 	 1 
0.404 	 0 
0.404 	 4 
0.404 	 1 
0.404 	 1 
0.405 	 1 
0.405 	 0 
0.405 	 0 
0.405 	 1 
0.405 	 2 
0.405 	 1 
0.405 	 0 
0.405 	 0 
0.405 	 0 
0.405 	 2 
0.406 	 1 
0.406 	 0 
0.406 	 0 
0.406 	 1 
0.406 	 1 
0.406 	 0 
0.406 	 2 
0.406 	 0 
0.406 	 2 
0.406 	 0 
0.407 	 0 
0.407 	 1 
0.407 	 3 
0.407 	 1 
0.407 	 2 
0.407 	 0 
0.407 	 2 
0.407 	 0 
0.407 	 1 
0.407 	 3 
0.408 	 1 
0.408 	 0 
0.408 	 1 
0.408 	 0 
0.408 	 0 
0.408 	 1 
0.408 	 0 
0.408 	 1 
0.408 	 0 
0.408 	 0 
0.409 	 1 
0.409 	 0 
0.409 	 0 
0.409 	 1 
0.409 	 1 
0.409 	 2 
0.409 	 0 
0.409 	 0 
0.409 	 0 
0.409 	 1 
0.410 	 0 
0.410 	 1 
0.410 	 0 
0.410 	 0 
0.410 	 0 
0.410 	 0 
0.410 	 1 
0.410 	 0 
0.410 	 0 
0.410 	 0 
0.411 	 1 
0.411 	 1 
0.411 	 1 
0.411 	 1 
0.411 	 0 
0.411 	 0 
0.411 	 1 
0.411 	 1 
0.411 	 5 
0.411 	 3 
0.412 	 1 
0.412 	 0 
0.412 	 1 
0.412 	 3 
0.412 	 3 
0.412 	 1 
0.412 	 1 
0.412 	 0 
0.412 	 0 
0.412 	 0 
0.413 	 0 
0.413 	 1 
0.413 	 0 
0.413 	 1 
0.413 	 2 
0.413 	 1 
0.413 	 0 
0.413 	 0 
0.413 	 0 
0.413 	 2 
0.414 	 0 
0.414 	 1 
0.414 	 2 
0.414 	 0 
0.414 	 0 
0.414 	 0 
0.414 	 0 
0.414 	 1 
0.414 	 0 
0.414 	 0 
0.415 	 1 
0.415 	 1 
0.415 	 0 
0.415 	 0 
0.415 	 1 
0.415 	 1 
0.415 	 2 
0.415 	 1 
0.415 	 0 
0.415 	 0 
0.416 	 1 
0.416 	 2 
0.416 	 1 
0.416 	 0 
0.416 	 3 
0.416 	 1 
0.416 	 1 
0.416 	 0 
0.416 	 2 
0.416 	 1 
0.416 	 0 
0.417 	 0 
0.417 	 0 
0.417 	 0 
0.417 	 1 
0.417 	 1 
0.417 	 0 
0.417 	 1 
0.417 	 0 
0.417 	 1 
0.417 	 0 
0.418 	 2 
0.418 	 1 
0.418 	 1 
0.418 	 0 
0.418 	 1 
0.418 	 1 
0.418 	 0 
0.418 	 1 
0.418 	 0 
0.418 	 0 
0.419 	 0 
0.419 	 0 
0.419 	 0 
0.419 	 2 
0.419 	 1 
0.419 	 1 
0.419 	 0 
0.419 	 1 
0.419 	 4 
0.419 	 1 
0.420 	 1 
0.420 	 2 
0.420 	 4 
0.420 	 5 
0.420 	 3 
0.420 	 1 
0.420 	 3 
0.420 	 1 
0.420 	 2 
0.420 	 1 
0.421 	 0 
0.421 	 0 
0.421 	 0 
0.421 	 1 
0.421 	 0 
0.421 	 1 
0.421 	 0 
0.421 	 0 
0.421 	 0 
0.421 	 1 
0.422 	 1 
0.422 	 0 
0.422 	 0 
0.422 	 1 
0.422 	 0 
0.422 	 0 
0.422 	 2 
0.422 	 0 
0.422 	 2 
0.422 	 0 
0.423 	 1 
0.423 	 1 
0.423 	 1 
0.423 	 1 
0.423 	 1 
0.423 	 0 
0.423 	 0 
0.423 	 0 
0.423 	 0 
0.423 	 1 
0.424 	 0 
0.424 	 1 
0.424 	 0 
0.424 	 2 
0.424 	 0 
0.424 	 3 
0.424 	 0 
0.424 	 0 
0.424 	 5 
0.424 	 2 
0.425 	 0 
0.425 	 2 
0.425 	 0 
0.425 	 0 
0.425 	 1 
0.425 	 0 
0.425 	 0 
0.425 	 0 
0.425 	 0 
0.425 	 0 
0.426 	 0 
0.426 	 1 
0.426 	 1 
0.426 	 1 
0.426 	 1 
0.426 	 1 
0.426 	 0 
0.426 	 1 
0.426 	 0 
0.426 	 0 
0.427 	 2 
0.427 	 1 
0.427 	 2 
0.427 	 1 
0.427 	 1 
0.427 	 3 
0.427 	 0 
0.427 	 1 
0.427 	 0 
0.427 	 4 
0.428 	 2 
0.428 	 1 
0.428 	 1 
0.428 	 3 
0.428 	 3 
0.428 	 1 
0.428 	 0 
0.428 	 0 
0.428 	 0 
0.428 	 2 
0.429 	 0 
0.429 	 0 
0.429 	 2 
0.429 	 0 
0.429 	 1 
0.429 	 2 
0.429 	 1 
0.429 	 0 
0.429 	 1 
0.429 	 1 
0.430 	 0 
0.430 	 0 
0.430 	 1 
0.430 	 1 
0.430 	 1 
0.430 	 1 
0.430 	 0 
0.430 	 0 
0.430 	 1 
0.430 	 0 
0.431 	 3 
0.431 	 0 
0.431 	 0 
0.431 	 1 
0.431 	 2 
0.431 	 0 
0.431 	 2 
0.431 	 1 
0.431 	 2 
0.431 	 0 
0.432 	 1 
0.432 	 1 
0.432 	 3 
0.432 	 0 
0.432 	 0 
0.432 	 1 
0.432 	 3 
0.432 	 1 
0.432 	 2 
0.432 	 1 
0.433 	 2 
0.433 	 1 
0.433 	 1 
0.433 	 1 
0.433 	 0 
0.433 	 1 
0.433 	 1 
0.433 	 0 
0.433 	 1 
0.433 	 0 
0.434 	 0 
0.434 	 2 
0.434 	 0 
0.434 	 1 
0.434 	 2 
0.434 	 0 
0.434 	 1 
0.434 	 0 
0.434 	 2 
0.434 	 0 
0.435 	 1 
0.435 	 1 
0.435 	 1 
0.435 	 2 
0.435 	 2 
0.435 	 1 
0.435 	 3 
0.435 	 1 
0.435 	 1 
0.435 	 3 
0.436 	 1 
0.436 	 0 
0.436 	 0 
0.436 	 1 
0.436 	 0 
0.436 	 1 
0.436 	 1 
0.436 	 0 
0.436 	 1 
0.436 	 1 
0.437 	 1 
0.437 	 0 
0.437 	 0 
0.437 	 1 
0.437 	 0 
0.437 	 2 
0.437 	 0 
0.437 	 1 
0.437 	 1 
0.437 	 1 
0.438 	 0 
0.438 	 0 
0.438 	 1 
0.438 	 2 
0.438 	 1 
0.438 	 0 
0.438 	 2 
0.438 	 0 
0.438 	 1 
0.438 	 5 
0.439 	 0 
0.439 	 0 
0.439 	 0 
0.439 	 1 
0.439 	 0 
0.439 	 0 
0.439 	 0 
0.439 	 0 
0.439 	 1 
0.439 	 1 
0.440 	 0 
0.440 	 0 
0.440 	 2 
0.440 	 0 
0.440 	 1 
0.440 	 1 
0.440 	 1 
0.440 	 2 
0.440 	 0 
0.440 	 0 
0.441 	 2 
0.441 	 1 
0.441 	 1 
0.441 	 0 
0.441 	 0 
0.441 	 1 
0.441 	 2 
0.441 	 0 
0.441 	 2 
0.441 	 1 
0.442 	 0 
0.442 	 2 
0.442 	 2 
0.442 	 1 
0.442 	 3 
0.442 	 4 
0.442 	 2 
0.442 	 4 
0.442 	 0 
0.442 	 2 
0.443 	 1 
0.443 	 0 
0.443 	 0 
0.443 	 2 
0.443 	 1 
0.443 	 0 
0.443 	 4 
0.443 	 0 
0.443 	 3 
0.443 	 0 
0.444 	 1 
0.444 	 1 
0.444 	 0 
0.444 	 0 
0.444 	 0 
0.444 	 1 
0.444 	 1 
0.444 	 0 
0.444 	 0 
0.444 	 2 
0.445 	 2 
0.445 	 1 
0.445 	 0 
0.445 	 0 
0.445 	 0 
0.445 	 2 
0.445 	 4 
0.445 	 0 
0.445 	 2 
0.445 	 1 
0.446 	 0 
0.446 	 1 
0.446 	 0 
0.446 	 0 
0.446 	 1 
0.446 	 0 
0.446 	 0 
0.446 	 0 
0.446 	 0 
0.446 	 0 
0.447 	 4 
0.447 	 0 
0.447 	 1 
0.447 	 0 
0.447 	 1 
0.447 	 1 
0.447 	 0 
0.447 	 3 
0.447 	 1 
0.447 	 0 
0.448 	 1 
0.448 	 1 
0.448 	 1 
0.448 	 0 
0.448 	 1 
0.448 	 1 
0.448 	 1 
0.448 	 0 
0.448 	 2 
0.448 	 2 
0.449 	 2 
0.449 	 3 
0.449 	 2 
0.449 	 3 
0.449 	 1 
0.449 	 3 
0.449 	 2 
0.449 	 1 
0.449 	 0 
0.449 	 2 
0.450 	 1 
0.450 	 1 
0.450 	 1 
0.450 	 3 
0.450 	 0 
0.450 	 0 
0.450 	 0 
0.450 	 1 
0.450 	 3 
0.450 	 1 
0.451 	 0 
0.451 	 1 
0.451 	 0 
0.451 	 2 
0.451 	 0 
0.451 	 1 
0.451 	 1 
0.451 	 1 
0.451 	 0 
0.451 	 0 
0.452 	 1 
0.452 	 2 
0.452 	 3 
0.452 	 0 
0.452 	 1 
0.452 	 0 
0.452 	 1 
0.452 	 1 
0.452 	 2 
0.452 	 0 
0.453 	 0 
0.453 	 1 
0.453 	 1 
0.453 	 0 
0.453 	 0 
0.453 	 0 
0.453 	 2 
0.453 	 1 
0.453 	 1 
0.453 	 0 
0.454 	 0 
0.454 	 2 
0.454 	 1 
0.454 	 3 
0.454 	 1 
0.454 	 1 
0.454 	 0 
0.454 	 5 
0.454 	 1 
0.454 	 3 
0.455 	 1 
0.455 	 4 
0.455 	 1 
0.455 	 3 
0.455 	 1 
0.455 	 0 
0.455 	 3 
0.455 	 1 
0.455 	 0 
0.455 	 0 
0.456 	 2 
0.456 	 1 
0.456 	 0 
0.456 	 1 
0.456 	 2 
0.456 	 0 
0.456 	 0 
0.456 	 0 
0.456 	 1 
0.456 	 2 
0.457 	 1 
0.457 	 0 
0.457 	 0 
0.457 	 1 
0.457 	 0 
0.457 	 1 
0.457 	 0 
0.457 	 1 
0.457 	 3 
0.457 	 2 
0.458 	 0 
0.458 	 0 
0.458 	 1 
0.458 	 0 
0.458 	 0 
0.458 	 2 
0.458 	 0 
0.458 	 1 
0.458 	 1 
0.458 	 3 
0.459 	 0 
0.459 	 5 
0.459 	 1 
0.459 	 2 
0.459 	 2 
0.459 	 0 
0.459 	 0 
0.459 	 1 
0.459 	 0 
0.459 	 2 
0.460 	 0 
0.460 	 2 
0.460 	 2 
0.460 	 1 
0.460 	 2 
0.460 	 0 
0.460 	 2 
0.460 	 1 
0.460 	 0 
0.460 	 5 
0.461 	 2 
0.461 	 2 
0.461 	 0 
0.461 	 1 
0.461 	 1 
0.461 	 2 
0.461 	 0 
0.461 	 3 
0.461 	 1 
0.461 	 0 
0.462 	 2 
0.462 	 1 
0.462 	 0 
0.462 	 1 
0.462 	 1 
0.462 	 2 
0.462 	 1 
0.462 	 0 
0.462 	 1 
0.462 	 2 
0.463 	 2 
0.463 	 0 
0.463 	 1 
0.463 	 2 
0.463 	 0 
0.463 	 1 
0.463 	 2 
0.463 	 1 
0.463 	 0 
0.463 	 1 
0.464 	 2 
0.464 	 0 
0.464 	 1 
0.464 	 1 
0.464 	 0 
0.464 	 1 
0.464 	 1 
0.464 	 3 
0.464 	 3 
0.464 	 1 
0.465 	 1 
0.465 	 2 
0.465 	 0 
0.465 	 0 
0.465 	 2 
0.465 	 1 
0.465 	 1 
0.465 	 1 
0.465 	 1 
0.465 	 1 
0.466 	 2 
0.466 	 1 
0.466 	 1 
0.466 	 4 
0.466 	 4 
0.466 	 1 
0.466 	 4 
0.466 	 0 
0.466 	 3 
0.466 	 0 
0.467 	 1 
0.467 	 0 
0.467 	 0 
0.467 	 1 
0.467 	 1 
0.467 	 3 
0.467 	 0 
0.467 	 0 
0.467 	 1 
0.467 	 1 
0.468 	 3 
0.468 	 0 
0.468 	 1 
0.468 	 0 
0.468 	 1 
0.468 	 2 
0.468 	 1 
0.468 	 2 
0.468 	 0 
0.468 	 0 
0.469 	 2 
0.469 	 0 
0.469 	 2 
0.469 	 3 
0.469 	 1 
0.469 	 4 
0.469 	 0 
0.469 	 2 
0.469 	 1 
0.469 	 0 
0.470 	 1 
0.470 	 0 
0.470 	 1 
0.470 	 0 
0.470 	 1 
0.470 	 1 
0.470 	 3 
0.470 	 0 
0.470 	 2 
0.470 	 2 
0.471 	 1 
0.471 	 1 
0.471 	 1 
0.471 	 2 
0.471 	 3 
0.471 	 3 
0.471 	 0 
0.471 	 4 
0.471 	 1 
0.471 	 1 
0.472 	 1 
0.472 	 2 
0.472 	 1 
0.472 	 1 
0.472 	 1 
0.472 	 1 
0.472 	 0 
0.472 	 2 
0.472 	 1 
0.472 	 2 
0.473 	 2 
0.473 	 0 
0.473 	 3 
0.473 	 1 
0.473 	 0 
0.473 	 0 
0.473 	 0 
0.473 	 1 
0.473 	 3 
0.473 	 0 
0.474 	 1 
0.474 	 1 
0.474 	 1 
0.474 	 2 
0.474 	 0 
0.474 	 2 
0.474 	 1 
0.474 	 0 
0.474 	 0 
0.474 	 3 
0.475 	 3 
0.475 	 1 
0.475 	 0 
0.475 	 1 
0.475 	 1 
0.475 	 2 
0.475 	 1 
0.475 	 3 
0.475 	 3 
0.475 	 1 
0.476 	 3 
0.476 	 1 
0.476 	 5 
0.476 	 2 
0.476 	 0 
0.476 	 2 
0.476 	 1 
0.476 	 3 
0.476 	 0 
0.476 	 3 
0.477 	 1 
0.477 	 0 
0.477 	 0 
0.477 	 0 
0.477 	 0 
0.477 	 0 
0.477 	 1 
0.477 	 2 
0.477 	 1 
0.477 	 1 
0.478 	 0 
0.478 	 2 
0.478 	 1 
0.478 	 3 
0.478 	 1 
0.478 	 1 
0.478 	 3 
0.478 	 1 
0.478 	 1 
0.478 	 0 
0.479 	 0 
0.479 	 1 
0.479 	 2 
0.479 	 1 
0.479 	 0 
0.479 	 0 
0.479 	 2 
0.479 	 1 
0.479 	 2 
0.479 	 3 
0.480 	 2 
0.480 	 1 
0.480 	 2 
0.480 	 1 
0.480 	 2 
0.480 	 1 
0.480 	 1 
0.480 	 4 
0.480 	 1 
0.480 	 0 
0.481 	 1 
0.481 	 2 
0.481 	 2 
0.481 	 0 
0.481 	 2 
0.481 	 1 
0.481 	 1 
0.481 	 0 
0.481 	 0 
0.481 	 0 
0.482 	 1 
0.482 	 0 
0.482 	 0 
0.482 	 0 
0.482 	 0 
0.482 	 0 
0.482 	 1 
0.482 	 0 
0.482 	 1 
0.482 	 2 
0.483 	 3 
0.483 	 1 
0.483 	 0 
0.483 	 0 
0.483 	 2 
0.483 	 0 
0.483 	 2 
0.483 	 0 
0.483 	 2 
0.483 	 1 
0.484 	 1 
0.484 	 1 
0.484 	 1 
0.484 	 1 
0.484 	 2 
0.484 	 1 
0.484 	 2 
0.484 	 0 
0.484 	 0 
0.484 	 0 
0.485 	 2 
0.485 	 0 
0.485 	 0 
0.485 	 0 
0.485 	 1 
0.485 	 1 
0.485 	 0 
0.485 	 2 
0.485 	 1 
0.485 	 2 
0.486 	 1 
0.486 	 0 
0.486 	 1 
0.486 	 0 
0.486 	 0 
0.486 	 1 
0.486 	 1 
0.486 	 1 
0.486 	 0 
0.486 	 2 
0.487 	 0 
0.487 	 1 
0.487 	 4 
0.487 	 3 
0.487 	 4 
0.487 	 0 
0.487 	 1 
0.487 	 1 
0.487 	 0 
0.487 	 0 
0.488 	 1 
0.488 	 0 
0.488 	 1 
0.488 	 0 
0.488 	 1 
0.488 	 1 
0.488 	 1 
0.488 	 3 
0.488 	 0 
0.488 	 1 
0.489 	 1 
0.489 	 1 
0.489 	 0 
0.489 	 1 
0.489 	 2 
0.489 	 1 
0.489 	 0 
0.489 	 2 
0.489 	 1 
0.489 	 1 
0.490 	 2 
0.490 	 0 
0.490 	 2 
0.490 	 3 
0.490 	 0 
0.490 	 3 
0.490 	 0 
0.490 	 2 
0.490 	 2 
0.490 	 0 
0.491 	 1 
0.491 	 1 
0.491 	 2 
0.491 	 0 
0.491 	 1 
0.491 	 0 
0.491 	 1 
0.491 	 2 
0.491 	 1 
0.491 	 0 
0.492 	 1 
0.492 	 0 
0.492 	 4 
0.492 	 2 
0.492 	 2 
0.492 	 1 
0.492 	 0 
0.492 	 3 
0.492 	 1 
0.492 	 1 
0.493 	 2 
0.493 	 1 
0.493 	 5 
0.493 	 1 
0.493 	 1 
0.493 	 0 
0.493 	 0 
0.493 	 2 
0.493 	 1 
0.493 	 1 
0.494 	 1 
0.494 	 2 
0.494 	 3 
0.494 	 0 
0.494 	 2 
0.494 	 3 
0.494 	 1 
0.494 	 0 
0.494 	 2 
0.494 	 5 
0.495 	 3 
0.495 	 2 
0.495 	 0 
0.495 	 2 
0.495 	 2 
0.495 	 2 
0.495 	 2 
0.495 	 3 
0.495 	 0 
0.495 	 2 
0.496 	 0 
0.496 	 3 
0.496 	 2 
0.496 	 4 
0.496 	 2 
0.496 	 1 
0.496 	 2 
0.496 	 2 
0.496 	 4 
0.496 	 4 
0.497 	 4 
0.497 	 2 
0.497 	 1 
0.497 	 4 
0.497 	 4 
0.497 	 3 
0.497 	 3 
0.497 	 3 
0.497 	 2 
0.497 	 6 
0.498 	 3 
0.498 	 3 
0.498 	 1 
0.498 	 6 
0.498 	 4 
0.498 	 2 
0.498 	 4 
0.498 	 2 
0.498 	 3 
0.498 	 5 
0.499 	 4 
0.499 	 5 
0.499 	 2 
0.499 	 2 
0.499 	 5 
0.499 	 3 
0.499 	 3 
0.499 	 3 
0.499 	 3 
0.499 	 2 
